ID,Nombre,Tipo,Departamento,Municipio,Dirección,Código Postal,Teléfono
1,Sucursal Antigua Guatemala 1,Sucursal,Sacatepéquez,Antigua Guatemala,Zona 7,91405,+502 8036-8423
2,Sucursal Escuintla 2,Sucursal,Escuintla,Escuintla,Zona 1,97145,+502 9525-7114
3,Sucursal Quetzaltenango 3,Sucursal,Quetzaltenango,Quetzaltenango,Zona 1,53915,+502 2873-4763
4,Sucursal Cobán 4,Sucursal,Alta Verapaz,Cobán,Zona 8,31535,+502 6809-5562
5,Sucursal Flores 5,Sucursal,Petén,Flores,Zona 10,63389,+502 5942-1959
6,Sucursal Chiquimula 6,Sucursal,Chiquimula,Chiquimula,Zona 8,19714,+502 4495-5162
7,Sucursal Jutiapa 7,Sucursal,Jutiapa,Jutiapa,Zona 10,55357,+502 4968-8680
8,Sucursal Jalapa 8,Sucursal,Jalapa,Jalapa,Zona 10,33610,+502 2969-1720
9,Sucursal Huehuetenango 9,Sucursal,Huehuetenango,Huehuetenango,Zona 5,89346,+502 9729-5410
10,Sucursal Guatemala 10,Sucursal,Guatemala,Guatemala,Zona 10,45014,+502 4434-5617
11,Sucursal Antigua Guatemala 11,Sucursal,Sacatepéquez,Antigua Guatemala,Zona 1,20929,+502 7744-4210
12,Sucursal Escuintla 12,Sucursal,Escuintla,Escuintla,Zona 2,94782,+502 7124-1261
13,Sucursal Quetzaltenango 13,Sucursal,Quetzaltenango,Quetzaltenango,Zona 1,46520,+502 8420-3678
14,Sucursal Cobán 14,Sucursal,Alta Verapaz,Cobán,Zona 3,63496,+502 7403-6725
15,Sucursal Flores 15,Sucursal,Petén,Flores,Zona 3,44207,+502 1784-3096
16,Sucursal Chiquimula 16,Sucursal,Chiquimula,Chiquimula,Zona 9,98068,+502 1803-1406
17,Sucursal Jutiapa 17,Sucursal,Jutiapa,Jutiapa,Zona 8,60278,+502 1561-4469
18,Sucursal Jalapa 18,Sucursal,Jalapa,Jalapa,Zona 3,94996,+502 7553-8794
19,Sucursal Huehuetenango 19,Sucursal,Huehuetenango,Huehuetenango,Zona 5,41852,+502 7643-8591
20,Sucursal Guatemala 20,Sucursal,Guatemala,Guatemala,Zona 4,34253,+502 9329-2947
21,Sucursal Antigua Guatemala 21,Sucursal,Sacatepéquez,Antigua Guatemala,Zona 1,33786,+502 2173-4020
22,Sucursal Escuintla 22,Sucursal,Escuintla,Escuintla,Zona 4,55036,+502 9906-4511
23,Sucursal Quetzaltenango 23,Sucursal,Quetzaltenango,Quetzaltenango,Zona 1,32570,+502 6098-3734
24,Sucursal Cobán 24,Sucursal,Alta Verapaz,Cobán,Zona 4,71813,+502 3018-7592
25,Sucursal Flores 25,Sucursal,Petén,Flores,Zona 7,34277,+502 6788-9864
26,Sucursal Chiquimula 26,Sucursal,Chiquimula,Chiquimula,Zona 3,23180,+502 5989-7334
27,Sucursal Jutiapa 27,Sucursal,Jutiapa,Jutiapa,Zona 7,72190,+502 7420-7365
28,Sucursal Jalapa 28,Sucursal,Jalapa,Jalapa,Zona 5,84423,+502 4458-5589
29,Sucursal Huehuetenango 29,Sucursal,Huehuetenango,Huehuetenango,Zona 3,59096,+502 7442-9514
30,Sucursal Guatemala 30,Sucursal,Guatemala,Guatemala,Zona 1,81430,+502 2210-2725
31,Sucursal Antigua Guatemala 31,Sucursal,Sacatepéquez,Antigua Guatemala,Zona 10,73868,+502 4918-5687
32,Sucursal Escuintla 32,Sucursal,Escuintla,Escuintla,Zona 2,77740,+502 1042-7736
33,Sucursal Quetzaltenango 33,Sucursal,Quetzaltenango,Quetzaltenango,Zona 6,24874,+502 8914-9817
34,Sucursal Cobán 34,Sucursal,Alta Verapaz,Cobán,Zona 3,55657,+502 8883-5273
35,Sucursal Flores 35,Sucursal,Petén,Flores,Zona 1,30073,+502 6752-8424
36,Sucursal Chiquimula 36,Sucursal,Chiquimula,Chiquimula,Zona 4,68974,+502 2260-5320
37,Sucursal Jutiapa 37,Sucursal,Jutiapa,Jutiapa,Zona 10,90553,+502 2412-5572
38,Sucursal Jalapa 38,Sucursal,Jalapa,Jalapa,Zona 6,10735,+502 8150-8469
39,Sucursal Huehuetenango 39,Sucursal,Huehuetenango,Huehuetenango,Zona 9,31517,+502 8557-3441
40,Sucursal Guatemala 40,Sucursal,Guatemala,Guatemala,Zona 8,16978,+502 5452-3073
41,Sucursal Antigua Guatemala 41,Sucursal,Sacatepéquez,Antigua Guatemala,Zona 3,27188,+502 5220-8290
42,Sucursal Escuintla 42,Sucursal,Escuintla,Escuintla,Zona 7,80977,+502 7737-7571
43,Sucursal Quetzaltenango 43,Sucursal,Quetzaltenango,Quetzaltenango,Zona 1,38804,+502 8669-9795
44,Sucursal Cobán 44,Sucursal,Alta Verapaz,Cobán,Zona 3,34524,+502 4269-9304
45,Sucursal Flores 45,Sucursal,Petén,Flores,Zona 5,81147,+502 3937-1535
46,Sucursal Chiquimula 46,Sucursal,Chiquimula,Chiquimula,Zona 3,84787,+502 5328-3306
47,Sucursal Jutiapa 47,Sucursal,Jutiapa,Jutiapa,Zona 2,55981,+502 8414-8294
48,Sucursal Jalapa 48,Sucursal,Jalapa,Jalapa,Zona 5,25999,+502 2451-5918
49,Sucursal Huehuetenango 49,Sucursal,Huehuetenango,Huehuetenango,Zona 5,49023,+502 9351-4352
50,Sucursal Guatemala 50,Sucursal,Guatemala,Guatemala,Zona 10,94353,+502 7240-8355
51,Sucursal Antigua Guatemala 51,Sucursal,Sacatepéquez,Antigua Guatemala,Zona 9,22516,+502 7876-9174
52,Sucursal Escuintla 52,Sucursal,Escuintla,Escuintla,Zona 6,89463,+502 4109-3620
53,Sucursal Quetzaltenango 53,Sucursal,Quetzaltenango,Quetzaltenango,Zona 8,35736,+502 7059-2028
54,Sucursal Cobán 54,Sucursal,Alta Verapaz,Cobán,Zona 5,67594,+502 3670-8569
55,Sucursal Flores 55,Sucursal,Petén,Flores,Zona 8,21215,+502 4117-1879
56,Sucursal Chiquimula 56,Sucursal,Chiquimula,Chiquimula,Zona 2,15139,+502 7076-2109
57,Sucursal Jutiapa 57,Sucursal,Jutiapa,Jutiapa,Zona 7,75945,+502 9043-8579
58,Sucursal Jalapa 58,Sucursal,Jalapa,Jalapa,Zona 5,17397,+502 4177-9549
59,Sucursal Huehuetenango 59,Sucursal,Huehuetenango,Huehuetenango,Zona 2,66476,+502 5016-5479
60,Sucursal Guatemala 60,Sucursal,Guatemala,Guatemala,Zona 10,81574,+502 3388-5878
61,Sucursal Antigua Guatemala 61,Sucursal,Sacatepéquez,Antigua Guatemala,Zona 10,63190,+502 5742-2288
62,Sucursal Escuintla 62,Sucursal,Escuintla,Escuintla,Zona 9,50438,+502 7368-3206
63,Sucursal Quetzaltenango 63,Sucursal,Quetzaltenango,Quetzaltenango,Zona 8,83897,+502 6029-5782
64,Sucursal Cobán 64,Sucursal,Alta Verapaz,Cobán,Zona 9,44507,+502 9824-9331
65,Sucursal Flores 65,Sucursal,Petén,Flores,Zona 1,68470,+502 2652-3538
66,Sucursal Chiquimula 66,Sucursal,Chiquimula,Chiquimula,Zona 2,32075,+502 8990-3378
67,Sucursal Jutiapa 67,Sucursal,Jutiapa,Jutiapa,Zona 3,37661,+502 4123-8511
68,Sucursal Jalapa 68,Sucursal,Jalapa,Jalapa,Zona 6,64822,+502 4453-2830
69,Sucursal Huehuetenango 69,Sucursal,Huehuetenango,Huehuetenango,Zona 2,38381,+502 7760-1695
70,Sucursal Guatemala 70,Sucursal,Guatemala,Guatemala,Zona 5,94231,+502 7756-8208
71,Sucursal Antigua Guatemala 71,Sucursal,Sacatepéquez,Antigua Guatemala,Zona 8,27894,+502 3267-1043
72,Sucursal Escuintla 72,Sucursal,Escuintla,Escuintla,Zona 8,95362,+502 9542-5688
73,Sucursal Quetzaltenango 73,Sucursal,Quetzaltenango,Quetzaltenango,Zona 3,82201,+502 8627-8954
74,Sucursal Cobán 74,Sucursal,Alta Verapaz,Cobán,Zona 5,36839,+502 9459-7042
75,Sucursal Flores 75,Sucursal,Petén,Flores,Zona 7,69506,+502 1221-4476
76,Sucursal Chiquimula 76,Sucursal,Chiquimula,Chiquimula,Zona 2,69540,+502 3357-8571
77,Sucursal Jutiapa 77,Sucursal,Jutiapa,Jutiapa,Zona 8,12845,+502 3354-9626
78,Sucursal Jalapa 78,Sucursal,Jalapa,Jalapa,Zona 9,35896,+502 5127-6622
79,Sucursal Huehuetenango 79,Sucursal,Huehuetenango,Huehuetenango,Zona 6,15055,+502 1803-9329
80,Sucursal Guatemala 80,Sucursal,Guatemala,Guatemala,Zona 5,67141,+502 5323-9453
81,Sucursal Antigua Guatemala 81,Sucursal,Sacatepéquez,Antigua Guatemala,Zona 10,58619,+502 6312-2758
82,Sucursal Escuintla 82,Sucursal,Escuintla,Escuintla,Zona 3,68646,+502 7780-2947
83,Sucursal Quetzaltenango 83,Sucursal,Quetzaltenango,Quetzaltenango,Zona 1,44712,+502 5094-4129
84,Sucursal Cobán 84,Sucursal,Alta Verapaz,Cobán,Zona 8,74886,+502 8378-2970
85,Sucursal Flores 85,Sucursal,Petén,Flores,Zona 8,46084,+502 2682-4043
86,Sucursal Chiquimula 86,Sucursal,Chiquimula,Chiquimula,Zona 5,73691,+502 9770-1601
87,Sucursal Jutiapa 87,Sucursal,Jutiapa,Jutiapa,Zona 10,69042,+502 6518-9927
88,Sucursal Jalapa 88,Sucursal,Jalapa,Jalapa,Zona 3,61360,+502 2704-8615
89,Sucursal Huehuetenango 89,Sucursal,Huehuetenango,Huehuetenango,Zona 4,99890,+502 5244-8755
90,Sucursal Guatemala 90,Sucursal,Guatemala,Guatemala,Zona 6,39231,+502 3053-9965
91,Sucursal Antigua Guatemala 91,Sucursal,Sacatepéquez,Antigua Guatemala,Zona 4,92549,+502 1992-1779
92,Sucursal Escuintla 92,Sucursal,Escuintla,Escuintla,Zona 3,58483,+502 4016-6850
93,Sucursal Quetzaltenango 93,Sucursal,Quetzaltenango,Quetzaltenango,Zona 9,20756,+502 9470-7612
94,Sucursal Cobán 94,Sucursal,Alta Verapaz,Cobán,Zona 6,35786,+502 2696-1651
95,Sucursal Flores 95,Sucursal,Petén,Flores,Zona 8,94132,+502 7987-2130
96,Sucursal Chiquimula 96,Sucursal,Chiquimula,Chiquimula,Zona 2,36523,+502 2467-2243
97,Sucursal Jutiapa 97,Sucursal,Jutiapa,Jutiapa,Zona 1,73129,+502 4717-2227
98,Sucursal Jalapa 98,Sucursal,Jalapa,Jalapa,Zona 9,53952,+502 3013-9674
99,Sucursal Huehuetenango 99,Sucursal,Huehuetenango,Huehuetenango,Zona 3,89219,+502 5846-3147
100,Sucursal Guatemala 100,Sucursal,Guatemala,Guatemala,Zona 10,46619,+502 8673-1384
101,Sucursal Antigua Guatemala 101,Sucursal,Sacatepéquez,Antigua Guatemala,Zona 9,86181,+502 7577-4162
102,Sucursal Escuintla 102,Sucursal,Escuintla,Escuintla,Zona 6,37312,+502 5059-4791
103,Sucursal Quetzaltenango 103,Sucursal,Quetzaltenango,Quetzaltenango,Zona 9,67926,+502 8720-7468
104,Sucursal Cobán 104,Sucursal,Alta Verapaz,Cobán,Zona 3,22659,+502 9604-9550
105,Sucursal Flores 105,Sucursal,Petén,Flores,Zona 3,17581,+502 1279-1216
106,Sucursal Chiquimula 106,Sucursal,Chiquimula,Chiquimula,Zona 10,11740,+502 8813-8921
107,Sucursal Jutiapa 107,Sucursal,Jutiapa,Jutiapa,Zona 5,33821,+502 8995-3540
108,Sucursal Jalapa 108,Sucursal,Jalapa,Jalapa,Zona 9,51348,+502 6901-3704
109,Sucursal Huehuetenango 109,Sucursal,Huehuetenango,Huehuetenango,Zona 10,29858,+502 7075-1150
110,Sucursal Guatemala 110,Sucursal,Guatemala,Guatemala,Zona 8,45705,+502 2433-8977
111,Sucursal Antigua Guatemala 111,Sucursal,Sacatepéquez,Antigua Guatemala,Zona 6,46262,+502 9057-9596
112,Sucursal Escuintla 112,Sucursal,Escuintla,Escuintla,Zona 3,90991,+502 7563-1472
113,Sucursal Quetzaltenango 113,Sucursal,Quetzaltenango,Quetzaltenango,Zona 5,48311,+502 1652-4451
114,Sucursal Cobán 114,Sucursal,Alta Verapaz,Cobán,Zona 4,45655,+502 4800-9617
115,Sucursal Flores 115,Sucursal,Petén,Flores,Zona 1,87219,+502 4657-1270
116,Sucursal Chiquimula 116,Sucursal,Chiquimula,Chiquimula,Zona 8,13204,+502 2816-7099
117,Sucursal Jutiapa 117,Sucursal,Jutiapa,Jutiapa,Zona 6,93679,+502 6847-8626
118,Sucursal Jalapa 118,Sucursal,Jalapa,Jalapa,Zona 10,25464,+502 2895-3863
119,Sucursal Huehuetenango 119,Sucursal,Huehuetenango,Huehuetenango,Zona 2,40176,+502 8212-8339
120,Sucursal Guatemala 120,Sucursal,Guatemala,Guatemala,Zona 10,13550,+502 8673-9230
121,Sucursal Antigua Guatemala 121,Sucursal,Sacatepéquez,Antigua Guatemala,Zona 2,99781,+502 3457-5478
122,Sucursal Escuintla 122,Sucursal,Escuintla,Escuintla,Zona 6,38980,+502 3347-2465
123,Sucursal Quetzaltenango 123,Sucursal,Quetzaltenango,Quetzaltenango,Zona 4,94901,+502 3058-9091
124,Sucursal Cobán 124,Sucursal,Alta Verapaz,Cobán,Zona 3,97874,+502 4389-6475
125,Sucursal Flores 125,Sucursal,Petén,Flores,Zona 4,12627,+502 2114-6345
126,Sucursal Chiquimula 126,Sucursal,Chiquimula,Chiquimula,Zona 4,78423,+502 1381-7051
127,Sucursal Jutiapa 127,Sucursal,Jutiapa,Jutiapa,Zona 5,62266,+502 8003-2381
128,Sucursal Jalapa 128,Sucursal,Jalapa,Jalapa,Zona 9,92316,+502 1414-9322
129,Sucursal Huehuetenango 129,Sucursal,Huehuetenango,Huehuetenango,Zona 5,83962,+502 4740-4816
130,Sucursal Guatemala 130,Sucursal,Guatemala,Guatemala,Zona 1,35100,+502 7132-3306
131,Sucursal Antigua Guatemala 131,Sucursal,Sacatepéquez,Antigua Guatemala,Zona 3,15705,+502 3998-1593
132,Sucursal Escuintla 132,Sucursal,Escuintla,Escuintla,Zona 4,18855,+502 3220-5811
133,Sucursal Quetzaltenango 133,Sucursal,Quetzaltenango,Quetzaltenango,Zona 8,46193,+502 5938-7319
134,Sucursal Cobán 134,Sucursal,Alta Verapaz,Cobán,Zona 8,98264,+502 8392-1880
135,Sucursal Flores 135,Sucursal,Petén,Flores,Zona 5,12823,+502 4517-8824
136,Sucursal Chiquimula 136,Sucursal,Chiquimula,Chiquimula,Zona 8,25125,+502 3077-2238
137,Sucursal Jutiapa 137,Sucursal,Jutiapa,Jutiapa,Zona 2,45379,+502 5523-3056
138,Sucursal Jalapa 138,Sucursal,Jalapa,Jalapa,Zona 9,57193,+502 8148-2796
139,Sucursal Huehuetenango 139,Sucursal,Huehuetenango,Huehuetenango,Zona 2,72023,+502 7778-9629
140,Sucursal Guatemala 140,Sucursal,Guatemala,Guatemala,Zona 4,25667,+502 4327-2082
141,Sucursal Antigua Guatemala 141,Sucursal,Sacatepéquez,Antigua Guatemala,Zona 9,11173,+502 7204-5862
142,Sucursal Escuintla 142,Sucursal,Escuintla,Escuintla,Zona 5,62428,+502 8197-1824
143,Sucursal Quetzaltenango 143,Sucursal,Quetzaltenango,Quetzaltenango,Zona 10,27896,+502 5189-8513
144,Sucursal Cobán 144,Sucursal,Alta Verapaz,Cobán,Zona 2,73327,+502 7748-7170
145,Sucursal Flores 145,Sucursal,Petén,Flores,Zona 5,53840,+502 9853-8124
146,Sucursal Chiquimula 146,Sucursal,Chiquimula,Chiquimula,Zona 8,79627,+502 2974-7609
147,Sucursal Jutiapa 147,Sucursal,Jutiapa,Jutiapa,Zona 10,79416,+502 8769-4326
148,Sucursal Jalapa 148,Sucursal,Jalapa,Jalapa,Zona 2,28694,+502 8308-3484
149,Sucursal Huehuetenango 149,Sucursal,Huehuetenango,Huehuetenango,Zona 2,32333,+502 4069-8908
150,Sucursal Guatemala 150,Sucursal,Guatemala,Guatemala,Zona 10,68242,+502 2539-5752
151,Sucursal Antigua Guatemala 151,Sucursal,Sacatepéquez,Antigua Guatemala,Zona 5,52377,+502 4317-2304
152,Sucursal Escuintla 152,Sucursal,Escuintla,Escuintla,Zona 8,40763,+502 6298-6555
153,Sucursal Quetzaltenango 153,Sucursal,Quetzaltenango,Quetzaltenango,Zona 7,25031,+502 4425-6861
154,Sucursal Cobán 154,Sucursal,Alta Verapaz,Cobán,Zona 1,69639,+502 3957-8866
155,Sucursal Flores 155,Sucursal,Petén,Flores,Zona 2,68429,+502 6217-4694
156,Sucursal Chiquimula 156,Sucursal,Chiquimula,Chiquimula,Zona 9,74487,+502 9632-5623
157,Sucursal Jutiapa 157,Sucursal,Jutiapa,Jutiapa,Zona 2,91427,+502 9205-6953
158,Sucursal Jalapa 158,Sucursal,Jalapa,Jalapa,Zona 4,56756,+502 2316-4706
159,Sucursal Huehuetenango 159,Sucursal,Huehuetenango,Huehuetenango,Zona 10,80103,+502 5006-3642
160,Sucursal Guatemala 160,Sucursal,Guatemala,Guatemala,Zona 8,18657,+502 3060-2338
161,Sucursal Antigua Guatemala 161,Sucursal,Sacatepéquez,Antigua Guatemala,Zona 6,94612,+502 1906-3001
162,Sucursal Escuintla 162,Sucursal,Escuintla,Escuintla,Zona 4,27733,+502 1522-9724
163,Sucursal Quetzaltenango 163,Sucursal,Quetzaltenango,Quetzaltenango,Zona 4,98097,+502 1234-5108
164,Sucursal Cobán 164,Sucursal,Alta Verapaz,Cobán,Zona 10,88009,+502 3380-9618
165,Sucursal Flores 165,Sucursal,Petén,Flores,Zona 10,47349,+502 7203-5931
166,Sucursal Chiquimula 166,Sucursal,Chiquimula,Chiquimula,Zona 7,23959,+502 5383-1057
167,Sucursal Jutiapa 167,Sucursal,Jutiapa,Jutiapa,Zona 5,97041,+502 5692-3175
168,Sucursal Jalapa 168,Sucursal,Jalapa,Jalapa,Zona 8,42003,+502 9300-4236
169,Sucursal Huehuetenango 169,Sucursal,Huehuetenango,Huehuetenango,Zona 8,10293,+502 1035-1445
170,Sucursal Guatemala 170,Sucursal,Guatemala,Guatemala,Zona 6,73811,+502 6224-4978
171,Sucursal Antigua Guatemala 171,Sucursal,Sacatepéquez,Antigua Guatemala,Zona 6,46346,+502 7504-2452
172,Sucursal Escuintla 172,Sucursal,Escuintla,Escuintla,Zona 5,80198,+502 5269-4143
173,Sucursal Quetzaltenango 173,Sucursal,Quetzaltenango,Quetzaltenango,Zona 3,73612,+502 8724-8091
174,Sucursal Cobán 174,Sucursal,Alta Verapaz,Cobán,Zona 4,54017,+502 5055-8600
175,Sucursal Flores 175,Sucursal,Petén,Flores,Zona 10,50513,+502 5937-3617
176,Sucursal Chiquimula 176,Sucursal,Chiquimula,Chiquimula,Zona 2,41367,+502 1713-4465
177,Sucursal Jutiapa 177,Sucursal,Jutiapa,Jutiapa,Zona 9,49245,+502 7013-7445
178,Sucursal Jalapa 178,Sucursal,Jalapa,Jalapa,Zona 5,36036,+502 6120-6866
179,Sucursal Huehuetenango 179,Sucursal,Huehuetenango,Huehuetenango,Zona 9,54209,+502 5379-1494
180,Sucursal Guatemala 180,Sucursal,Guatemala,Guatemala,Zona 3,29971,+502 1044-4624
181,Sucursal Antigua Guatemala 181,Sucursal,Sacatepéquez,Antigua Guatemala,Zona 8,15347,+502 1149-3630
182,Sucursal Escuintla 182,Sucursal,Escuintla,Escuintla,Zona 8,58171,+502 2014-8699
183,Sucursal Quetzaltenango 183,Sucursal,Quetzaltenango,Quetzaltenango,Zona 7,23083,+502 2938-6097
184,Sucursal Cobán 184,Sucursal,Alta Verapaz,Cobán,Zona 10,72046,+502 1685-1536
185,Sucursal Flores 185,Sucursal,Petén,Flores,Zona 3,42165,+502 2926-7867
186,Sucursal Chiquimula 186,Sucursal,Chiquimula,Chiquimula,Zona 3,54428,+502 5433-6704
187,Sucursal Jutiapa 187,Sucursal,Jutiapa,Jutiapa,Zona 5,76975,+502 9252-4387
188,Sucursal Jalapa 188,Sucursal,Jalapa,Jalapa,Zona 7,97525,+502 7265-5144
189,Sucursal Huehuetenango 189,Sucursal,Huehuetenango,Huehuetenango,Zona 2,64566,+502 6483-5166
190,Sucursal Guatemala 190,Sucursal,Guatemala,Guatemala,Zona 3,26731,+502 4891-6656
191,Sucursal Antigua Guatemala 191,Sucursal,Sacatepéquez,Antigua Guatemala,Zona 1,84210,+502 7946-4636
192,Sucursal Escuintla 192,Sucursal,Escuintla,Escuintla,Zona 5,55892,+502 8939-4507
193,Sucursal Quetzaltenango 193,Sucursal,Quetzaltenango,Quetzaltenango,Zona 1,25143,+502 2599-9590
194,Sucursal Cobán 194,Sucursal,Alta Verapaz,Cobán,Zona 8,62727,+502 6754-3369
195,Sucursal Flores 195,Sucursal,Petén,Flores,Zona 2,29878,+502 6192-9227
196,Sucursal Chiquimula 196,Sucursal,Chiquimula,Chiquimula,Zona 5,48654,+502 1672-9585
197,Sucursal Jutiapa 197,Sucursal,Jutiapa,Jutiapa,Zona 6,38025,+502 7451-2290
198,Sucursal Jalapa 198,Sucursal,Jalapa,Jalapa,Zona 5,24860,+502 8076-7735
199,Sucursal Huehuetenango 199,Sucursal,Huehuetenango,Huehuetenango,Zona 1,32551,+502 7429-3658
200,Sucursal Guatemala 200,Sucursal,Guatemala,Guatemala,Zona 1,75298,+502 5699-5382
201,Sucursal Antigua Guatemala 201,Sucursal,Sacatepéquez,Antigua Guatemala,Zona 4,84844,+502 9710-3257
202,Sucursal Escuintla 202,Sucursal,Escuintla,Escuintla,Zona 6,73735,+502 5575-1604
203,Sucursal Quetzaltenango 203,Sucursal,Quetzaltenango,Quetzaltenango,Zona 10,14382,+502 9969-7119
204,Sucursal Cobán 204,Sucursal,Alta Verapaz,Cobán,Zona 3,46251,+502 4256-8370
205,Sucursal Flores 205,Sucursal,Petén,Flores,Zona 3,96453,+502 6860-2683
206,Sucursal Chiquimula 206,Sucursal,Chiquimula,Chiquimula,Zona 8,38743,+502 7950-6445
207,Sucursal Jutiapa 207,Sucursal,Jutiapa,Jutiapa,Zona 1,47787,+502 7489-9916
208,Sucursal Jalapa 208,Sucursal,Jalapa,Jalapa,Zona 5,65048,+502 7426-5005
209,Sucursal Huehuetenango 209,Sucursal,Huehuetenango,Huehuetenango,Zona 1,96345,+502 9983-2553
210,Sucursal Guatemala 210,Sucursal,Guatemala,Guatemala,Zona 8,37103,+502 1258-3988
211,Sucursal Antigua Guatemala 211,Sucursal,Sacatepéquez,Antigua Guatemala,Zona 1,49814,+502 3617-1290
212,Sucursal Escuintla 212,Sucursal,Escuintla,Escuintla,Zona 4,89711,+502 2907-3400
213,Sucursal Quetzaltenango 213,Sucursal,Quetzaltenango,Quetzaltenango,Zona 10,42402,+502 5889-8088
214,Sucursal Cobán 214,Sucursal,Alta Verapaz,Cobán,Zona 4,27148,+502 8496-4837
215,Sucursal Flores 215,Sucursal,Petén,Flores,Zona 3,23428,+502 7283-7199
216,Sucursal Chiquimula 216,Sucursal,Chiquimula,Chiquimula,Zona 9,98984,+502 6181-2878
217,Sucursal Jutiapa 217,Sucursal,Jutiapa,Jutiapa,Zona 6,60510,+502 7808-9129
218,Sucursal Jalapa 218,Sucursal,Jalapa,Jalapa,Zona 9,53025,+502 4138-7130
219,Sucursal Huehuetenango 219,Sucursal,Huehuetenango,Huehuetenango,Zona 10,90486,+502 9850-1665
220,Sucursal Guatemala 220,Sucursal,Guatemala,Guatemala,Zona 5,82009,+502 8093-1693
221,Sucursal Antigua Guatemala 221,Sucursal,Sacatepéquez,Antigua Guatemala,Zona 7,40145,+502 7490-1013
222,Sucursal Escuintla 222,Sucursal,Escuintla,Escuintla,Zona 8,36072,+502 5398-3422
223,Sucursal Quetzaltenango 223,Sucursal,Quetzaltenango,Quetzaltenango,Zona 10,67351,+502 3574-7421
224,Sucursal Cobán 224,Sucursal,Alta Verapaz,Cobán,Zona 9,82430,+502 8389-4963
225,Sucursal Flores 225,Sucursal,Petén,Flores,Zona 10,29767,+502 8046-8039
226,Sucursal Chiquimula 226,Sucursal,Chiquimula,Chiquimula,Zona 6,31523,+502 8926-4999
227,Sucursal Jutiapa 227,Sucursal,Jutiapa,Jutiapa,Zona 10,95316,+502 8727-4600
228,Sucursal Jalapa 228,Sucursal,Jalapa,Jalapa,Zona 3,93857,+502 2335-1315
229,Sucursal Huehuetenango 229,Sucursal,Huehuetenango,Huehuetenango,Zona 6,44808,+502 2433-9220
230,Sucursal Guatemala 230,Sucursal,Guatemala,Guatemala,Zona 6,65238,+502 4903-3024
231,Sucursal Antigua Guatemala 231,Sucursal,Sacatepéquez,Antigua Guatemala,Zona 10,75889,+502 8846-5942
232,Sucursal Escuintla 232,Sucursal,Escuintla,Escuintla,Zona 3,13205,+502 2886-9289
233,Sucursal Quetzaltenango 233,Sucursal,Quetzaltenango,Quetzaltenango,Zona 4,99393,+502 3258-3273
234,Sucursal Cobán 234,Sucursal,Alta Verapaz,Cobán,Zona 2,10742,+502 5143-7111
235,Sucursal Flores 235,Sucursal,Petén,Flores,Zona 8,91537,+502 9109-9185
236,Sucursal Chiquimula 236,Sucursal,Chiquimula,Chiquimula,Zona 3,11175,+502 7138-1368
237,Sucursal Jutiapa 237,Sucursal,Jutiapa,Jutiapa,Zona 2,54540,+502 7084-9658
238,Sucursal Jalapa 238,Sucursal,Jalapa,Jalapa,Zona 1,63336,+502 5767-3658
239,Sucursal Huehuetenango 239,Sucursal,Huehuetenango,Huehuetenango,Zona 5,11891,+502 3170-8326
240,Sucursal Guatemala 240,Sucursal,Guatemala,Guatemala,Zona 7,17571,+502 6738-9447
241,Sucursal Antigua Guatemala 241,Sucursal,Sacatepéquez,Antigua Guatemala,Zona 8,89289,+502 5649-4856
242,Sucursal Escuintla 242,Sucursal,Escuintla,Escuintla,Zona 2,68240,+502 7505-3173
243,Sucursal Quetzaltenango 243,Sucursal,Quetzaltenango,Quetzaltenango,Zona 10,91611,+502 9729-1896
244,Sucursal Cobán 244,Sucursal,Alta Verapaz,Cobán,Zona 5,74946,+502 3892-4557
245,Sucursal Flores 245,Sucursal,Petén,Flores,Zona 10,47264,+502 5165-2721
246,Sucursal Chiquimula 246,Sucursal,Chiquimula,Chiquimula,Zona 6,41060,+502 4233-4643
247,Sucursal Jutiapa 247,Sucursal,Jutiapa,Jutiapa,Zona 2,19109,+502 5624-8208
248,Sucursal Jalapa 248,Sucursal,Jalapa,Jalapa,Zona 5,49558,+502 1585-7662
249,Sucursal Huehuetenango 249,Sucursal,Huehuetenango,Huehuetenango,Zona 2,91073,+502 3653-8700
250,Sucursal Guatemala 250,Sucursal,Guatemala,Guatemala,Zona 9,77115,+502 9440-2384
251,Sucursal Antigua Guatemala 251,Sucursal,Sacatepéquez,Antigua Guatemala,Zona 6,98107,+502 1750-6733
252,Sucursal Escuintla 252,Sucursal,Escuintla,Escuintla,Zona 6,37727,+502 5194-8685
253,Sucursal Quetzaltenango 253,Sucursal,Quetzaltenango,Quetzaltenango,Zona 8,75697,+502 5970-7027
254,Sucursal Cobán 254,Sucursal,Alta Verapaz,Cobán,Zona 9,30840,+502 2867-3993
255,Sucursal Flores 255,Sucursal,Petén,Flores,Zona 5,49264,+502 5910-8997
256,Sucursal Chiquimula 256,Sucursal,Chiquimula,Chiquimula,Zona 9,45340,+502 2802-7549
257,Sucursal Jutiapa 257,Sucursal,Jutiapa,Jutiapa,Zona 8,74013,+502 2212-3019
258,Sucursal Jalapa 258,Sucursal,Jalapa,Jalapa,Zona 2,39845,+502 6446-9605
259,Sucursal Huehuetenango 259,Sucursal,Huehuetenango,Huehuetenango,Zona 4,52981,+502 4789-3206
260,Sucursal Guatemala 260,Sucursal,Guatemala,Guatemala,Zona 10,46620,+502 4856-5196
261,Sucursal Antigua Guatemala 261,Sucursal,Sacatepéquez,Antigua Guatemala,Zona 4,47974,+502 5136-7677
262,Sucursal Escuintla 262,Sucursal,Escuintla,Escuintla,Zona 10,78389,+502 7650-1988
263,Sucursal Quetzaltenango 263,Sucursal,Quetzaltenango,Quetzaltenango,Zona 1,62317,+502 1687-1106
264,Sucursal Cobán 264,Sucursal,Alta Verapaz,Cobán,Zona 3,81067,+502 5461-5883
265,Sucursal Flores 265,Sucursal,Petén,Flores,Zona 2,75644,+502 6157-9859
266,Sucursal Chiquimula 266,Sucursal,Chiquimula,Chiquimula,Zona 4,25866,+502 9628-1648
267,Sucursal Jutiapa 267,Sucursal,Jutiapa,Jutiapa,Zona 6,49161,+502 7403-7116
268,Sucursal Jalapa 268,Sucursal,Jalapa,Jalapa,Zona 7,20162,+502 6903-7688
269,Sucursal Huehuetenango 269,Sucursal,Huehuetenango,Huehuetenango,Zona 10,61898,+502 8001-8074
270,Sucursal Guatemala 270,Sucursal,Guatemala,Guatemala,Zona 9,34034,+502 9646-4739
271,Sucursal Antigua Guatemala 271,Sucursal,Sacatepéquez,Antigua Guatemala,Zona 7,79366,+502 9152-6802
272,Sucursal Escuintla 272,Sucursal,Escuintla,Escuintla,Zona 10,61946,+502 5572-7559
273,Sucursal Quetzaltenango 273,Sucursal,Quetzaltenango,Quetzaltenango,Zona 10,71428,+502 1989-2115
274,Sucursal Cobán 274,Sucursal,Alta Verapaz,Cobán,Zona 2,37670,+502 3058-9746
275,Sucursal Flores 275,Sucursal,Petén,Flores,Zona 9,90881,+502 6191-8259
276,Sucursal Chiquimula 276,Sucursal,Chiquimula,Chiquimula,Zona 7,34483,+502 1432-6365
277,Sucursal Jutiapa 277,Sucursal,Jutiapa,Jutiapa,Zona 5,30915,+502 4227-3103
278,Sucursal Jalapa 278,Sucursal,Jalapa,Jalapa,Zona 9,81238,+502 5023-5497
279,Sucursal Huehuetenango 279,Sucursal,Huehuetenango,Huehuetenango,Zona 7,84930,+502 7645-6357
280,Sucursal Guatemala 280,Sucursal,Guatemala,Guatemala,Zona 3,57163,+502 9260-3516
281,Sucursal Antigua Guatemala 281,Sucursal,Sacatepéquez,Antigua Guatemala,Zona 9,87692,+502 6717-2642
282,Sucursal Escuintla 282,Sucursal,Escuintla,Escuintla,Zona 2,52775,+502 1923-1562
283,Sucursal Quetzaltenango 283,Sucursal,Quetzaltenango,Quetzaltenango,Zona 7,60997,+502 9972-2754
284,Sucursal Cobán 284,Sucursal,Alta Verapaz,Cobán,Zona 7,43399,+502 3671-6211
285,Sucursal Flores 285,Sucursal,Petén,Flores,Zona 5,81603,+502 3098-9058
286,Sucursal Chiquimula 286,Sucursal,Chiquimula,Chiquimula,Zona 4,29992,+502 7057-5993
287,Sucursal Jutiapa 287,Sucursal,Jutiapa,Jutiapa,Zona 7,62633,+502 6250-3306
288,Sucursal Jalapa 288,Sucursal,Jalapa,Jalapa,Zona 7,60790,+502 5930-4364
289,Sucursal Huehuetenango 289,Sucursal,Huehuetenango,Huehuetenango,Zona 9,24048,+502 9222-3523
290,Sucursal Guatemala 290,Sucursal,Guatemala,Guatemala,Zona 7,25961,+502 3113-2355
291,Sucursal Antigua Guatemala 291,Sucursal,Sacatepéquez,Antigua Guatemala,Zona 3,52245,+502 8762-7081
292,Sucursal Escuintla 292,Sucursal,Escuintla,Escuintla,Zona 8,66663,+502 6447-4746
293,Sucursal Quetzaltenango 293,Sucursal,Quetzaltenango,Quetzaltenango,Zona 5,30706,+502 2258-9018
294,Sucursal Cobán 294,Sucursal,Alta Verapaz,Cobán,Zona 7,57981,+502 7206-3325
295,Sucursal Flores 295,Sucursal,Petén,Flores,Zona 2,66085,+502 4204-8868
296,Sucursal Chiquimula 296,Sucursal,Chiquimula,Chiquimula,Zona 4,80860,+502 4659-7756
297,Sucursal Jutiapa 297,Sucursal,Jutiapa,Jutiapa,Zona 10,23918,+502 2398-7096
298,Sucursal Jalapa 298,Sucursal,Jalapa,Jalapa,Zona 8,22131,+502 7677-3806
299,Sucursal Huehuetenango 299,Sucursal,Huehuetenango,Huehuetenango,Zona 4,25863,+502 6060-2758
300,Sucursal Guatemala 300,Sucursal,Guatemala,Guatemala,Zona 3,86717,+502 9156-5780
301,Sucursal Antigua Guatemala 301,Sucursal,Sacatepéquez,Antigua Guatemala,Zona 9,24140,+502 8595-4553
302,Sucursal Escuintla 302,Sucursal,Escuintla,Escuintla,Zona 4,14134,+502 1573-1799
303,Sucursal Quetzaltenango 303,Sucursal,Quetzaltenango,Quetzaltenango,Zona 2,96179,+502 1037-4395
304,Sucursal Cobán 304,Sucursal,Alta Verapaz,Cobán,Zona 3,33429,+502 2475-7913
305,Sucursal Flores 305,Sucursal,Petén,Flores,Zona 9,72818,+502 7801-4777
306,Sucursal Chiquimula 306,Sucursal,Chiquimula,Chiquimula,Zona 6,66685,+502 2387-4695
307,Sucursal Jutiapa 307,Sucursal,Jutiapa,Jutiapa,Zona 10,87032,+502 2748-7390
308,Sucursal Jalapa 308,Sucursal,Jalapa,Jalapa,Zona 2,19085,+502 3829-1388
309,Sucursal Huehuetenango 309,Sucursal,Huehuetenango,Huehuetenango,Zona 6,53939,+502 4417-5686
310,Sucursal Guatemala 310,Sucursal,Guatemala,Guatemala,Zona 6,60767,+502 8504-5158
311,Sucursal Antigua Guatemala 311,Sucursal,Sacatepéquez,Antigua Guatemala,Zona 9,79116,+502 4735-2536
312,Sucursal Escuintla 312,Sucursal,Escuintla,Escuintla,Zona 9,40109,+502 5169-6712
313,Sucursal Quetzaltenango 313,Sucursal,Quetzaltenango,Quetzaltenango,Zona 9,39236,+502 2696-4573
314,Sucursal Cobán 314,Sucursal,Alta Verapaz,Cobán,Zona 2,71839,+502 3098-6498
315,Sucursal Flores 315,Sucursal,Petén,Flores,Zona 4,79622,+502 1164-3102
316,Sucursal Chiquimula 316,Sucursal,Chiquimula,Chiquimula,Zona 8,33087,+502 4160-6244
317,Sucursal Jutiapa 317,Sucursal,Jutiapa,Jutiapa,Zona 8,77488,+502 6604-3166
318,Sucursal Jalapa 318,Sucursal,Jalapa,Jalapa,Zona 1,98352,+502 6167-7688
319,Sucursal Huehuetenango 319,Sucursal,Huehuetenango,Huehuetenango,Zona 5,82184,+502 5469-5549
320,Sucursal Guatemala 320,Sucursal,Guatemala,Guatemala,Zona 6,84653,+502 3436-4596
321,Sucursal Antigua Guatemala 321,Sucursal,Sacatepéquez,Antigua Guatemala,Zona 10,67229,+502 1047-6875
322,Sucursal Escuintla 322,Sucursal,Escuintla,Escuintla,Zona 7,17807,+502 7155-3984
323,Sucursal Quetzaltenango 323,Sucursal,Quetzaltenango,Quetzaltenango,Zona 10,52006,+502 3269-3304
324,Sucursal Cobán 324,Sucursal,Alta Verapaz,Cobán,Zona 10,13256,+502 9885-7377
325,Sucursal Flores 325,Sucursal,Petén,Flores,Zona 2,39819,+502 6118-1141
326,Sucursal Chiquimula 326,Sucursal,Chiquimula,Chiquimula,Zona 10,27405,+502 4901-3215
327,Sucursal Jutiapa 327,Sucursal,Jutiapa,Jutiapa,Zona 7,88707,+502 1433-1265
328,Sucursal Jalapa 328,Sucursal,Jalapa,Jalapa,Zona 10,93544,+502 6802-2354
329,Sucursal Huehuetenango 329,Sucursal,Huehuetenango,Huehuetenango,Zona 10,90334,+502 9994-1979
330,Sucursal Guatemala 330,Sucursal,Guatemala,Guatemala,Zona 10,94718,+502 5613-8616
331,Sucursal Antigua Guatemala 331,Sucursal,Sacatepéquez,Antigua Guatemala,Zona 4,14899,+502 8791-7516
332,Sucursal Escuintla 332,Sucursal,Escuintla,Escuintla,Zona 8,75479,+502 4058-9222
333,Sucursal Quetzaltenango 333,Sucursal,Quetzaltenango,Quetzaltenango,Zona 6,62670,+502 8955-4111
334,Sucursal Cobán 334,Sucursal,Alta Verapaz,Cobán,Zona 5,91126,+502 7167-6082
335,Sucursal Flores 335,Sucursal,Petén,Flores,Zona 3,19239,+502 2729-7858
336,Sucursal Chiquimula 336,Sucursal,Chiquimula,Chiquimula,Zona 9,97405,+502 9898-2095
337,Sucursal Jutiapa 337,Sucursal,Jutiapa,Jutiapa,Zona 8,42352,+502 3364-7977
338,Sucursal Jalapa 338,Sucursal,Jalapa,Jalapa,Zona 4,41011,+502 6272-3440
339,Sucursal Huehuetenango 339,Sucursal,Huehuetenango,Huehuetenango,Zona 3,71239,+502 2284-7191
340,Sucursal Guatemala 340,Sucursal,Guatemala,Guatemala,Zona 3,57701,+502 6884-3971
341,Sucursal Antigua Guatemala 341,Sucursal,Sacatepéquez,Antigua Guatemala,Zona 2,88025,+502 3477-1437
342,Sucursal Escuintla 342,Sucursal,Escuintla,Escuintla,Zona 1,33979,+502 2153-3505
343,Sucursal Quetzaltenango 343,Sucursal,Quetzaltenango,Quetzaltenango,Zona 2,36924,+502 1738-7571
344,Sucursal Cobán 344,Sucursal,Alta Verapaz,Cobán,Zona 10,94807,+502 3090-1591
345,Sucursal Flores 345,Sucursal,Petén,Flores,Zona 2,42586,+502 6202-9248
346,Sucursal Chiquimula 346,Sucursal,Chiquimula,Chiquimula,Zona 3,64906,+502 1862-8040
347,Sucursal Jutiapa 347,Sucursal,Jutiapa,Jutiapa,Zona 8,17604,+502 2697-2241
348,Sucursal Jalapa 348,Sucursal,Jalapa,Jalapa,Zona 7,25844,+502 7446-2419
349,Sucursal Huehuetenango 349,Sucursal,Huehuetenango,Huehuetenango,Zona 5,48033,+502 2055-1182
350,Sucursal Guatemala 350,Sucursal,Guatemala,Guatemala,Zona 2,27474,+502 5534-4132
351,Sucursal Antigua Guatemala 351,Sucursal,Sacatepéquez,Antigua Guatemala,Zona 6,98929,+502 7352-5300
352,Sucursal Escuintla 352,Sucursal,Escuintla,Escuintla,Zona 10,39435,+502 6503-7494
353,Sucursal Quetzaltenango 353,Sucursal,Quetzaltenango,Quetzaltenango,Zona 3,53609,+502 3514-8818
354,Sucursal Cobán 354,Sucursal,Alta Verapaz,Cobán,Zona 2,62373,+502 7473-9006
355,Sucursal Flores 355,Sucursal,Petén,Flores,Zona 1,59943,+502 2869-5079
356,Sucursal Chiquimula 356,Sucursal,Chiquimula,Chiquimula,Zona 2,84199,+502 7690-3878
357,Sucursal Jutiapa 357,Sucursal,Jutiapa,Jutiapa,Zona 5,97391,+502 3766-9706
358,Sucursal Jalapa 358,Sucursal,Jalapa,Jalapa,Zona 7,33575,+502 8422-7401
359,Sucursal Huehuetenango 359,Sucursal,Huehuetenango,Huehuetenango,Zona 7,17327,+502 9693-1036
360,Sucursal Guatemala 360,Sucursal,Guatemala,Guatemala,Zona 2,18578,+502 5126-7859
361,Sucursal Antigua Guatemala 361,Sucursal,Sacatepéquez,Antigua Guatemala,Zona 5,40141,+502 1307-4786
362,Sucursal Escuintla 362,Sucursal,Escuintla,Escuintla,Zona 1,39302,+502 3949-8677
363,Sucursal Quetzaltenango 363,Sucursal,Quetzaltenango,Quetzaltenango,Zona 10,17946,+502 4827-5101
364,Sucursal Cobán 364,Sucursal,Alta Verapaz,Cobán,Zona 5,78899,+502 1047-9135
365,Sucursal Flores 365,Sucursal,Petén,Flores,Zona 10,50123,+502 1207-4592
366,Sucursal Chiquimula 366,Sucursal,Chiquimula,Chiquimula,Zona 4,53239,+502 2910-5423
367,Sucursal Jutiapa 367,Sucursal,Jutiapa,Jutiapa,Zona 1,17523,+502 5524-4964
368,Sucursal Jalapa 368,Sucursal,Jalapa,Jalapa,Zona 1,26514,+502 9615-3386
369,Sucursal Huehuetenango 369,Sucursal,Huehuetenango,Huehuetenango,Zona 6,51065,+502 4448-4172
370,Sucursal Guatemala 370,Sucursal,Guatemala,Guatemala,Zona 8,68142,+502 7665-1312
371,Sucursal Antigua Guatemala 371,Sucursal,Sacatepéquez,Antigua Guatemala,Zona 5,45722,+502 7912-4868
372,Sucursal Escuintla 372,Sucursal,Escuintla,Escuintla,Zona 9,85039,+502 2709-5583
373,Sucursal Quetzaltenango 373,Sucursal,Quetzaltenango,Quetzaltenango,Zona 4,69083,+502 3921-1906
374,Sucursal Cobán 374,Sucursal,Alta Verapaz,Cobán,Zona 9,22252,+502 2773-3268
375,Sucursal Flores 375,Sucursal,Petén,Flores,Zona 1,33604,+502 8846-3306
376,Sucursal Chiquimula 376,Sucursal,Chiquimula,Chiquimula,Zona 6,33882,+502 8236-3109
377,Sucursal Jutiapa 377,Sucursal,Jutiapa,Jutiapa,Zona 8,58987,+502 2905-5837
378,Sucursal Jalapa 378,Sucursal,Jalapa,Jalapa,Zona 1,21879,+502 9936-3939
379,Sucursal Huehuetenango 379,Sucursal,Huehuetenango,Huehuetenango,Zona 3,60070,+502 5693-3396
380,Sucursal Guatemala 380,Sucursal,Guatemala,Guatemala,Zona 10,80086,+502 4012-2120
381,Sucursal Antigua Guatemala 381,Sucursal,Sacatepéquez,Antigua Guatemala,Zona 9,86362,+502 9183-4724
382,Sucursal Escuintla 382,Sucursal,Escuintla,Escuintla,Zona 3,64217,+502 5680-4763
383,Sucursal Quetzaltenango 383,Sucursal,Quetzaltenango,Quetzaltenango,Zona 3,70582,+502 9692-8020
384,Sucursal Cobán 384,Sucursal,Alta Verapaz,Cobán,Zona 4,86822,+502 5434-6588
385,Sucursal Flores 385,Sucursal,Petén,Flores,Zona 5,86203,+502 6419-4274
386,Sucursal Chiquimula 386,Sucursal,Chiquimula,Chiquimula,Zona 8,95976,+502 1639-4435
387,Sucursal Jutiapa 387,Sucursal,Jutiapa,Jutiapa,Zona 8,37126,+502 9305-8602
388,Sucursal Jalapa 388,Sucursal,Jalapa,Jalapa,Zona 7,55591,+502 2664-6993
389,Sucursal Huehuetenango 389,Sucursal,Huehuetenango,Huehuetenango,Zona 1,14337,+502 7867-8558
390,Sucursal Guatemala 390,Sucursal,Guatemala,Guatemala,Zona 3,52866,+502 1260-8019
391,Sucursal Antigua Guatemala 391,Sucursal,Sacatepéquez,Antigua Guatemala,Zona 8,47620,+502 3130-3823
392,Sucursal Escuintla 392,Sucursal,Escuintla,Escuintla,Zona 9,29658,+502 4170-9815
393,Sucursal Quetzaltenango 393,Sucursal,Quetzaltenango,Quetzaltenango,Zona 6,44073,+502 4580-2818
394,Sucursal Cobán 394,Sucursal,Alta Verapaz,Cobán,Zona 10,54861,+502 5588-2295
395,Sucursal Flores 395,Sucursal,Petén,Flores,Zona 10,45568,+502 9882-8606
396,Sucursal Chiquimula 396,Sucursal,Chiquimula,Chiquimula,Zona 7,93619,+502 7939-3402
397,Sucursal Jutiapa 397,Sucursal,Jutiapa,Jutiapa,Zona 1,48309,+502 8225-7402
398,Sucursal Jalapa 398,Sucursal,Jalapa,Jalapa,Zona 9,83726,+502 1796-7885
399,Sucursal Huehuetenango 399,Sucursal,Huehuetenango,Huehuetenango,Zona 10,57588,+502 3435-1623
400,Sucursal Guatemala 400,Sucursal,Guatemala,Guatemala,Zona 4,86362,+502 6195-7457
401,Sucursal Antigua Guatemala 401,Sucursal,Sacatepéquez,Antigua Guatemala,Zona 1,33614,+502 4744-5580
402,Sucursal Escuintla 402,Sucursal,Escuintla,Escuintla,Zona 6,43087,+502 7650-2693
403,Sucursal Quetzaltenango 403,Sucursal,Quetzaltenango,Quetzaltenango,Zona 5,70308,+502 2258-8236
404,Sucursal Cobán 404,Sucursal,Alta Verapaz,Cobán,Zona 7,49122,+502 7462-8247
405,Sucursal Flores 405,Sucursal,Petén,Flores,Zona 2,46368,+502 5693-7801
406,Sucursal Chiquimula 406,Sucursal,Chiquimula,Chiquimula,Zona 10,27373,+502 9944-3595
407,Sucursal Jutiapa 407,Sucursal,Jutiapa,Jutiapa,Zona 10,65186,+502 7002-2844
408,Sucursal Jalapa 408,Sucursal,Jalapa,Jalapa,Zona 2,45996,+502 3667-2524
409,Sucursal Huehuetenango 409,Sucursal,Huehuetenango,Huehuetenango,Zona 3,73542,+502 1736-1623
410,Sucursal Guatemala 410,Sucursal,Guatemala,Guatemala,Zona 5,85939,+502 9416-3724
411,Sucursal Antigua Guatemala 411,Sucursal,Sacatepéquez,Antigua Guatemala,Zona 8,61567,+502 5267-5421
412,Sucursal Escuintla 412,Sucursal,Escuintla,Escuintla,Zona 9,69266,+502 6682-9712
413,Sucursal Quetzaltenango 413,Sucursal,Quetzaltenango,Quetzaltenango,Zona 2,58240,+502 9093-7448
414,Sucursal Cobán 414,Sucursal,Alta Verapaz,Cobán,Zona 3,64224,+502 4425-8225
415,Sucursal Flores 415,Sucursal,Petén,Flores,Zona 2,92573,+502 3906-2092
416,Sucursal Chiquimula 416,Sucursal,Chiquimula,Chiquimula,Zona 2,74460,+502 2352-5173
417,Sucursal Jutiapa 417,Sucursal,Jutiapa,Jutiapa,Zona 9,72257,+502 6173-1406
418,Sucursal Jalapa 418,Sucursal,Jalapa,Jalapa,Zona 9,66770,+502 5443-2942
419,Sucursal Huehuetenango 419,Sucursal,Huehuetenango,Huehuetenango,Zona 9,79385,+502 2174-6390
420,Sucursal Guatemala 420,Sucursal,Guatemala,Guatemala,Zona 6,11373,+502 6267-8390
421,Sucursal Antigua Guatemala 421,Sucursal,Sacatepéquez,Antigua Guatemala,Zona 7,23491,+502 4449-8600
422,Sucursal Escuintla 422,Sucursal,Escuintla,Escuintla,Zona 4,79175,+502 6272-3734
423,Sucursal Quetzaltenango 423,Sucursal,Quetzaltenango,Quetzaltenango,Zona 8,79434,+502 4704-8187
424,Sucursal Cobán 424,Sucursal,Alta Verapaz,Cobán,Zona 6,84597,+502 8911-9612
425,Sucursal Flores 425,Sucursal,Petén,Flores,Zona 7,31215,+502 7336-8720
426,Sucursal Chiquimula 426,Sucursal,Chiquimula,Chiquimula,Zona 7,64420,+502 7286-8811
427,Sucursal Jutiapa 427,Sucursal,Jutiapa,Jutiapa,Zona 6,66955,+502 5416-2928
428,Sucursal Jalapa 428,Sucursal,Jalapa,Jalapa,Zona 10,50255,+502 1283-6753
429,Sucursal Huehuetenango 429,Sucursal,Huehuetenango,Huehuetenango,Zona 8,49748,+502 1111-7539
430,Sucursal Guatemala 430,Sucursal,Guatemala,Guatemala,Zona 4,98320,+502 3358-6364
431,Sucursal Antigua Guatemala 431,Sucursal,Sacatepéquez,Antigua Guatemala,Zona 10,23891,+502 8335-1683
432,Sucursal Escuintla 432,Sucursal,Escuintla,Escuintla,Zona 4,23574,+502 8075-1600
433,Sucursal Quetzaltenango 433,Sucursal,Quetzaltenango,Quetzaltenango,Zona 2,91488,+502 6515-2885
434,Sucursal Cobán 434,Sucursal,Alta Verapaz,Cobán,Zona 3,77661,+502 7412-1136
435,Sucursal Flores 435,Sucursal,Petén,Flores,Zona 9,28811,+502 4824-5605
436,Sucursal Chiquimula 436,Sucursal,Chiquimula,Chiquimula,Zona 2,22735,+502 7623-3703
437,Sucursal Jutiapa 437,Sucursal,Jutiapa,Jutiapa,Zona 8,56219,+502 9516-6000
438,Sucursal Jalapa 438,Sucursal,Jalapa,Jalapa,Zona 9,54955,+502 4569-4424
439,Sucursal Huehuetenango 439,Sucursal,Huehuetenango,Huehuetenango,Zona 7,46308,+502 2625-9370
440,Sucursal Guatemala 440,Sucursal,Guatemala,Guatemala,Zona 7,69923,+502 7179-8156
441,Sucursal Antigua Guatemala 441,Sucursal,Sacatepéquez,Antigua Guatemala,Zona 8,55027,+502 6359-2681
442,Sucursal Escuintla 442,Sucursal,Escuintla,Escuintla,Zona 10,75176,+502 1521-7338
443,Sucursal Quetzaltenango 443,Sucursal,Quetzaltenango,Quetzaltenango,Zona 2,65717,+502 3937-2642
444,Sucursal Cobán 444,Sucursal,Alta Verapaz,Cobán,Zona 9,87262,+502 9137-8532
445,Sucursal Flores 445,Sucursal,Petén,Flores,Zona 1,85620,+502 1262-1073
446,Sucursal Chiquimula 446,Sucursal,Chiquimula,Chiquimula,Zona 6,93787,+502 6552-6008
447,Sucursal Jutiapa 447,Sucursal,Jutiapa,Jutiapa,Zona 2,35593,+502 8748-8024
448,Sucursal Jalapa 448,Sucursal,Jalapa,Jalapa,Zona 4,19243,+502 8394-8499
449,Sucursal Huehuetenango 449,Sucursal,Huehuetenango,Huehuetenango,Zona 2,51778,+502 1692-2260
450,Sucursal Guatemala 450,Sucursal,Guatemala,Guatemala,Zona 3,19953,+502 9653-8964
451,Sucursal Antigua Guatemala 451,Sucursal,Sacatepéquez,Antigua Guatemala,Zona 7,60341,+502 3440-8811
452,Sucursal Escuintla 452,Sucursal,Escuintla,Escuintla,Zona 7,36271,+502 3861-9476
453,Sucursal Quetzaltenango 453,Sucursal,Quetzaltenango,Quetzaltenango,Zona 9,75618,+502 5373-8121
454,Sucursal Cobán 454,Sucursal,Alta Verapaz,Cobán,Zona 7,33702,+502 4826-8380
455,Sucursal Flores 455,Sucursal,Petén,Flores,Zona 10,46984,+502 7013-2252
456,Sucursal Chiquimula 456,Sucursal,Chiquimula,Chiquimula,Zona 2,89604,+502 2764-7120
457,Sucursal Jutiapa 457,Sucursal,Jutiapa,Jutiapa,Zona 9,96022,+502 3604-2918
458,Sucursal Jalapa 458,Sucursal,Jalapa,Jalapa,Zona 6,16460,+502 2024-6659
459,Sucursal Huehuetenango 459,Sucursal,Huehuetenango,Huehuetenango,Zona 1,56203,+502 5870-2745
460,Sucursal Guatemala 460,Sucursal,Guatemala,Guatemala,Zona 4,67241,+502 4971-6348
461,Sucursal Antigua Guatemala 461,Sucursal,Sacatepéquez,Antigua Guatemala,Zona 8,40196,+502 9654-6425
462,Sucursal Escuintla 462,Sucursal,Escuintla,Escuintla,Zona 10,85694,+502 2952-1528
463,Sucursal Quetzaltenango 463,Sucursal,Quetzaltenango,Quetzaltenango,Zona 6,44584,+502 8549-5932
464,Sucursal Cobán 464,Sucursal,Alta Verapaz,Cobán,Zona 3,12283,+502 9152-1980
465,Sucursal Flores 465,Sucursal,Petén,Flores,Zona 1,34818,+502 7003-1678
466,Sucursal Chiquimula 466,Sucursal,Chiquimula,Chiquimula,Zona 10,16594,+502 1425-3868
467,Sucursal Jutiapa 467,Sucursal,Jutiapa,Jutiapa,Zona 5,96808,+502 8403-6408
468,Sucursal Jalapa 468,Sucursal,Jalapa,Jalapa,Zona 1,78240,+502 5896-8378
469,Sucursal Huehuetenango 469,Sucursal,Huehuetenango,Huehuetenango,Zona 5,56803,+502 7587-6509
470,Sucursal Guatemala 470,Sucursal,Guatemala,Guatemala,Zona 4,64784,+502 7709-1806
471,Sucursal Antigua Guatemala 471,Sucursal,Sacatepéquez,Antigua Guatemala,Zona 1,28939,+502 7761-3234
472,Sucursal Escuintla 472,Sucursal,Escuintla,Escuintla,Zona 10,13777,+502 2392-7070
473,Sucursal Quetzaltenango 473,Sucursal,Quetzaltenango,Quetzaltenango,Zona 6,88711,+502 2947-1721
474,Sucursal Cobán 474,Sucursal,Alta Verapaz,Cobán,Zona 9,62620,+502 4858-7627
475,Sucursal Flores 475,Sucursal,Petén,Flores,Zona 2,35841,+502 9792-7627
476,Sucursal Chiquimula 476,Sucursal,Chiquimula,Chiquimula,Zona 10,83313,+502 4958-8385
477,Sucursal Jutiapa 477,Sucursal,Jutiapa,Jutiapa,Zona 10,17727,+502 9274-3360
478,Sucursal Jalapa 478,Sucursal,Jalapa,Jalapa,Zona 4,63494,+502 2226-2598
479,Sucursal Huehuetenango 479,Sucursal,Huehuetenango,Huehuetenango,Zona 3,12634,+502 9430-8086
480,Sucursal Guatemala 480,Sucursal,Guatemala,Guatemala,Zona 2,83060,+502 6106-6476
481,Sucursal Antigua Guatemala 481,Sucursal,Sacatepéquez,Antigua Guatemala,Zona 9,23430,+502 2638-3296
482,Sucursal Escuintla 482,Sucursal,Escuintla,Escuintla,Zona 1,18327,+502 5828-1586
483,Sucursal Quetzaltenango 483,Sucursal,Quetzaltenango,Quetzaltenango,Zona 8,89123,+502 8811-9100
484,Sucursal Cobán 484,Sucursal,Alta Verapaz,Cobán,Zona 5,52873,+502 6953-1220
485,Sucursal Flores 485,Sucursal,Petén,Flores,Zona 10,50128,+502 9876-8782
486,Sucursal Chiquimula 486,Sucursal,Chiquimula,Chiquimula,Zona 1,27124,+502 5031-6053
487,Sucursal Jutiapa 487,Sucursal,Jutiapa,Jutiapa,Zona 6,83882,+502 5199-8807
488,Sucursal Jalapa 488,Sucursal,Jalapa,Jalapa,Zona 9,37196,+502 2473-4965
489,Sucursal Huehuetenango 489,Sucursal,Huehuetenango,Huehuetenango,Zona 2,70577,+502 2183-7893
490,Sucursal Guatemala 490,Sucursal,Guatemala,Guatemala,Zona 3,17991,+502 3162-8950
491,Sucursal Antigua Guatemala 491,Sucursal,Sacatepéquez,Antigua Guatemala,Zona 4,91218,+502 2326-8656
492,Sucursal Escuintla 492,Sucursal,Escuintla,Escuintla,Zona 10,55737,+502 8850-7211
493,Sucursal Quetzaltenango 493,Sucursal,Quetzaltenango,Quetzaltenango,Zona 6,63124,+502 8547-1639
494,Sucursal Cobán 494,Sucursal,Alta Verapaz,Cobán,Zona 9,42186,+502 7468-5322
495,Sucursal Flores 495,Sucursal,Petén,Flores,Zona 4,50152,+502 7996-6255
496,Sucursal Chiquimula 496,Sucursal,Chiquimula,Chiquimula,Zona 2,36523,+502 2804-6122
497,Sucursal Jutiapa 497,Sucursal,Jutiapa,Jutiapa,Zona 2,61344,+502 7249-6371
498,Sucursal Jalapa 498,Sucursal,Jalapa,Jalapa,Zona 5,21245,+502 2031-5005
499,Sucursal Huehuetenango 499,Sucursal,Huehuetenango,Huehuetenango,Zona 6,10110,+502 9320-1312
500,Sucursal Guatemala 500,Sucursal,Guatemala,Guatemala,Zona 10,19389,+502 8883-9485
501,Sucursal Antigua Guatemala 501,Sucursal,Sacatepéquez,Antigua Guatemala,Zona 6,53957,+502 4154-9538
502,Sucursal Escuintla 502,Sucursal,Escuintla,Escuintla,Zona 6,82256,+502 2807-3606
503,Sucursal Quetzaltenango 503,Sucursal,Quetzaltenango,Quetzaltenango,Zona 1,69419,+502 8045-6283
504,Sucursal Cobán 504,Sucursal,Alta Verapaz,Cobán,Zona 7,39583,+502 9477-2490
505,Sucursal Flores 505,Sucursal,Petén,Flores,Zona 3,81578,+502 3653-3611
506,Sucursal Chiquimula 506,Sucursal,Chiquimula,Chiquimula,Zona 4,88247,+502 5729-8663
507,Sucursal Jutiapa 507,Sucursal,Jutiapa,Jutiapa,Zona 6,83906,+502 6626-8296
508,Sucursal Jalapa 508,Sucursal,Jalapa,Jalapa,Zona 4,24564,+502 5775-3437
509,Sucursal Huehuetenango 509,Sucursal,Huehuetenango,Huehuetenango,Zona 6,78697,+502 4753-8802
510,Sucursal Guatemala 510,Sucursal,Guatemala,Guatemala,Zona 3,45292,+502 6024-1023
511,Sucursal Antigua Guatemala 511,Sucursal,Sacatepéquez,Antigua Guatemala,Zona 5,31356,+502 4061-1753
512,Sucursal Escuintla 512,Sucursal,Escuintla,Escuintla,Zona 5,35703,+502 6599-2599
513,Sucursal Quetzaltenango 513,Sucursal,Quetzaltenango,Quetzaltenango,Zona 5,62351,+502 5437-6617
514,Sucursal Cobán 514,Sucursal,Alta Verapaz,Cobán,Zona 8,47888,+502 9501-1744
515,Sucursal Flores 515,Sucursal,Petén,Flores,Zona 6,69474,+502 3162-4544
516,Sucursal Chiquimula 516,Sucursal,Chiquimula,Chiquimula,Zona 9,78938,+502 8005-7020
517,Sucursal Jutiapa 517,Sucursal,Jutiapa,Jutiapa,Zona 1,52068,+502 7145-3928
518,Sucursal Jalapa 518,Sucursal,Jalapa,Jalapa,Zona 6,61273,+502 4464-4704
519,Sucursal Huehuetenango 519,Sucursal,Huehuetenango,Huehuetenango,Zona 4,35946,+502 6480-9257
520,Sucursal Guatemala 520,Sucursal,Guatemala,Guatemala,Zona 1,50148,+502 8200-8309
521,Sucursal Antigua Guatemala 521,Sucursal,Sacatepéquez,Antigua Guatemala,Zona 2,75740,+502 7255-9902
522,Sucursal Escuintla 522,Sucursal,Escuintla,Escuintla,Zona 6,21287,+502 7415-5278
523,Sucursal Quetzaltenango 523,Sucursal,Quetzaltenango,Quetzaltenango,Zona 7,21537,+502 4183-7792
524,Sucursal Cobán 524,Sucursal,Alta Verapaz,Cobán,Zona 3,56596,+502 8876-7738
525,Sucursal Flores 525,Sucursal,Petén,Flores,Zona 4,69191,+502 4163-5874
526,Sucursal Chiquimula 526,Sucursal,Chiquimula,Chiquimula,Zona 3,60538,+502 6509-9269
527,Sucursal Jutiapa 527,Sucursal,Jutiapa,Jutiapa,Zona 8,39937,+502 2260-3198
528,Sucursal Jalapa 528,Sucursal,Jalapa,Jalapa,Zona 1,53640,+502 4672-3237
529,Sucursal Huehuetenango 529,Sucursal,Huehuetenango,Huehuetenango,Zona 1,27599,+502 8333-3255
530,Sucursal Guatemala 530,Sucursal,Guatemala,Guatemala,Zona 10,23650,+502 9666-5707
531,Sucursal Antigua Guatemala 531,Sucursal,Sacatepéquez,Antigua Guatemala,Zona 1,42018,+502 1347-1413
532,Sucursal Escuintla 532,Sucursal,Escuintla,Escuintla,Zona 6,15684,+502 1501-8884
533,Sucursal Quetzaltenango 533,Sucursal,Quetzaltenango,Quetzaltenango,Zona 7,45932,+502 5389-7666
534,Sucursal Cobán 534,Sucursal,Alta Verapaz,Cobán,Zona 3,17129,+502 7613-1082
535,Sucursal Flores 535,Sucursal,Petén,Flores,Zona 9,23190,+502 7774-9648
536,Sucursal Chiquimula 536,Sucursal,Chiquimula,Chiquimula,Zona 8,44632,+502 5713-6616
537,Sucursal Jutiapa 537,Sucursal,Jutiapa,Jutiapa,Zona 8,45025,+502 8432-8879
538,Sucursal Jalapa 538,Sucursal,Jalapa,Jalapa,Zona 10,65872,+502 6335-1715
539,Sucursal Huehuetenango 539,Sucursal,Huehuetenango,Huehuetenango,Zona 3,21291,+502 4559-9838
540,Sucursal Guatemala 540,Sucursal,Guatemala,Guatemala,Zona 1,80973,+502 2851-8977
541,Sucursal Antigua Guatemala 541,Sucursal,Sacatepéquez,Antigua Guatemala,Zona 6,74967,+502 5626-6931
542,Sucursal Escuintla 542,Sucursal,Escuintla,Escuintla,Zona 4,20496,+502 2757-4550
543,Sucursal Quetzaltenango 543,Sucursal,Quetzaltenango,Quetzaltenango,Zona 8,74423,+502 3755-9984
544,Sucursal Cobán 544,Sucursal,Alta Verapaz,Cobán,Zona 5,80892,+502 5597-4551
545,Sucursal Flores 545,Sucursal,Petén,Flores,Zona 8,51630,+502 7239-2539
546,Sucursal Chiquimula 546,Sucursal,Chiquimula,Chiquimula,Zona 7,61820,+502 6548-2645
547,Sucursal Jutiapa 547,Sucursal,Jutiapa,Jutiapa,Zona 8,72777,+502 9703-2316
548,Sucursal Jalapa 548,Sucursal,Jalapa,Jalapa,Zona 9,64728,+502 4090-4945
549,Sucursal Huehuetenango 549,Sucursal,Huehuetenango,Huehuetenango,Zona 8,84534,+502 2259-5781
550,Sucursal Guatemala 550,Sucursal,Guatemala,Guatemala,Zona 6,58045,+502 1986-2534
551,Sucursal Antigua Guatemala 551,Sucursal,Sacatepéquez,Antigua Guatemala,Zona 6,77883,+502 8772-6938
552,Sucursal Escuintla 552,Sucursal,Escuintla,Escuintla,Zona 8,70530,+502 7931-3896
553,Sucursal Quetzaltenango 553,Sucursal,Quetzaltenango,Quetzaltenango,Zona 4,25985,+502 5556-5030
554,Sucursal Cobán 554,Sucursal,Alta Verapaz,Cobán,Zona 7,83495,+502 7187-5245
555,Sucursal Flores 555,Sucursal,Petén,Flores,Zona 6,65458,+502 7364-9758
556,Sucursal Chiquimula 556,Sucursal,Chiquimula,Chiquimula,Zona 2,37922,+502 9882-7543
557,Sucursal Jutiapa 557,Sucursal,Jutiapa,Jutiapa,Zona 4,58049,+502 9576-5756
558,Sucursal Jalapa 558,Sucursal,Jalapa,Jalapa,Zona 3,84990,+502 2656-3885
559,Sucursal Huehuetenango 559,Sucursal,Huehuetenango,Huehuetenango,Zona 9,40094,+502 3980-5689
560,Sucursal Guatemala 560,Sucursal,Guatemala,Guatemala,Zona 5,90432,+502 9378-9269
561,Sucursal Antigua Guatemala 561,Sucursal,Sacatepéquez,Antigua Guatemala,Zona 1,20587,+502 2895-3114
562,Sucursal Escuintla 562,Sucursal,Escuintla,Escuintla,Zona 1,18682,+502 6489-7714
563,Sucursal Quetzaltenango 563,Sucursal,Quetzaltenango,Quetzaltenango,Zona 7,17326,+502 2541-2700
564,Sucursal Cobán 564,Sucursal,Alta Verapaz,Cobán,Zona 9,27640,+502 4479-8893
565,Sucursal Flores 565,Sucursal,Petén,Flores,Zona 3,57035,+502 8967-1534
566,Sucursal Chiquimula 566,Sucursal,Chiquimula,Chiquimula,Zona 7,18208,+502 4387-1175
567,Sucursal Jutiapa 567,Sucursal,Jutiapa,Jutiapa,Zona 9,16465,+502 9823-8042
568,Sucursal Jalapa 568,Sucursal,Jalapa,Jalapa,Zona 5,30602,+502 4463-8251
569,Sucursal Huehuetenango 569,Sucursal,Huehuetenango,Huehuetenango,Zona 5,38886,+502 6832-6115
570,Sucursal Guatemala 570,Sucursal,Guatemala,Guatemala,Zona 6,93760,+502 9543-8120
571,Sucursal Antigua Guatemala 571,Sucursal,Sacatepéquez,Antigua Guatemala,Zona 2,16141,+502 5151-4140
572,Sucursal Escuintla 572,Sucursal,Escuintla,Escuintla,Zona 4,52102,+502 9573-1321
573,Sucursal Quetzaltenango 573,Sucursal,Quetzaltenango,Quetzaltenango,Zona 7,52699,+502 2531-2254
574,Sucursal Cobán 574,Sucursal,Alta Verapaz,Cobán,Zona 3,65903,+502 6576-7473
575,Sucursal Flores 575,Sucursal,Petén,Flores,Zona 10,35280,+502 9213-7942
576,Sucursal Chiquimula 576,Sucursal,Chiquimula,Chiquimula,Zona 10,58293,+502 2194-6308
577,Sucursal Jutiapa 577,Sucursal,Jutiapa,Jutiapa,Zona 7,86672,+502 7580-7157
578,Sucursal Jalapa 578,Sucursal,Jalapa,Jalapa,Zona 6,63887,+502 6233-4988
579,Sucursal Huehuetenango 579,Sucursal,Huehuetenango,Huehuetenango,Zona 7,58513,+502 9292-2099
580,Sucursal Guatemala 580,Sucursal,Guatemala,Guatemala,Zona 6,16209,+502 7804-8286
581,Sucursal Antigua Guatemala 581,Sucursal,Sacatepéquez,Antigua Guatemala,Zona 9,51980,+502 5622-4416
582,Sucursal Escuintla 582,Sucursal,Escuintla,Escuintla,Zona 6,72248,+502 9831-4519
583,Sucursal Quetzaltenango 583,Sucursal,Quetzaltenango,Quetzaltenango,Zona 1,37658,+502 9997-1006
584,Sucursal Cobán 584,Sucursal,Alta Verapaz,Cobán,Zona 2,90609,+502 9174-7247
585,Sucursal Flores 585,Sucursal,Petén,Flores,Zona 1,59308,+502 3103-9226
586,Sucursal Chiquimula 586,Sucursal,Chiquimula,Chiquimula,Zona 9,10785,+502 3671-8006
587,Sucursal Jutiapa 587,Sucursal,Jutiapa,Jutiapa,Zona 2,36954,+502 7627-1683
588,Sucursal Jalapa 588,Sucursal,Jalapa,Jalapa,Zona 2,25806,+502 1644-2882
589,Sucursal Huehuetenango 589,Sucursal,Huehuetenango,Huehuetenango,Zona 10,31428,+502 7282-9698
590,Sucursal Guatemala 590,Sucursal,Guatemala,Guatemala,Zona 1,86050,+502 9181-6594
591,Sucursal Antigua Guatemala 591,Sucursal,Sacatepéquez,Antigua Guatemala,Zona 3,39500,+502 5864-8281
592,Sucursal Escuintla 592,Sucursal,Escuintla,Escuintla,Zona 5,44046,+502 1999-7848
593,Sucursal Quetzaltenango 593,Sucursal,Quetzaltenango,Quetzaltenango,Zona 3,76524,+502 6196-8636
594,Sucursal Cobán 594,Sucursal,Alta Verapaz,Cobán,Zona 4,53847,+502 1894-8225
595,Sucursal Flores 595,Sucursal,Petén,Flores,Zona 1,41359,+502 6941-4470
596,Sucursal Chiquimula 596,Sucursal,Chiquimula,Chiquimula,Zona 2,40589,+502 2991-4581
597,Sucursal Jutiapa 597,Sucursal,Jutiapa,Jutiapa,Zona 7,39373,+502 3947-9826
598,Sucursal Jalapa 598,Sucursal,Jalapa,Jalapa,Zona 3,37445,+502 3276-1595
599,Sucursal Huehuetenango 599,Sucursal,Huehuetenango,Huehuetenango,Zona 5,45088,+502 5502-1942
600,Sucursal Guatemala 600,Sucursal,Guatemala,Guatemala,Zona 10,10394,+502 8434-2820
601,Sucursal Antigua Guatemala 601,Sucursal,Sacatepéquez,Antigua Guatemala,Zona 10,55753,+502 2254-7344
602,Sucursal Escuintla 602,Sucursal,Escuintla,Escuintla,Zona 1,82418,+502 2771-5183
603,Sucursal Quetzaltenango 603,Sucursal,Quetzaltenango,Quetzaltenango,Zona 1,33119,+502 2022-9289
604,Sucursal Cobán 604,Sucursal,Alta Verapaz,Cobán,Zona 7,90704,+502 5773-3425
605,Sucursal Flores 605,Sucursal,Petén,Flores,Zona 4,81495,+502 3152-3372
606,Sucursal Chiquimula 606,Sucursal,Chiquimula,Chiquimula,Zona 7,74503,+502 4954-8727
607,Sucursal Jutiapa 607,Sucursal,Jutiapa,Jutiapa,Zona 7,52372,+502 8038-5485
608,Sucursal Jalapa 608,Sucursal,Jalapa,Jalapa,Zona 4,83926,+502 1466-7878
609,Sucursal Huehuetenango 609,Sucursal,Huehuetenango,Huehuetenango,Zona 3,87397,+502 2941-1494
610,Sucursal Guatemala 610,Sucursal,Guatemala,Guatemala,Zona 10,87426,+502 2010-5902
611,Sucursal Antigua Guatemala 611,Sucursal,Sacatepéquez,Antigua Guatemala,Zona 1,33022,+502 4986-9301
612,Sucursal Escuintla 612,Sucursal,Escuintla,Escuintla,Zona 4,12519,+502 2562-6686
613,Sucursal Quetzaltenango 613,Sucursal,Quetzaltenango,Quetzaltenango,Zona 1,39379,+502 6971-4830
614,Sucursal Cobán 614,Sucursal,Alta Verapaz,Cobán,Zona 6,98641,+502 7938-8450
615,Sucursal Flores 615,Sucursal,Petén,Flores,Zona 2,16311,+502 8753-7359
616,Sucursal Chiquimula 616,Sucursal,Chiquimula,Chiquimula,Zona 8,24564,+502 6088-5128
617,Sucursal Jutiapa 617,Sucursal,Jutiapa,Jutiapa,Zona 4,71174,+502 5798-4371
618,Sucursal Jalapa 618,Sucursal,Jalapa,Jalapa,Zona 10,99545,+502 1522-1667
619,Sucursal Huehuetenango 619,Sucursal,Huehuetenango,Huehuetenango,Zona 4,77919,+502 6846-4004
620,Sucursal Guatemala 620,Sucursal,Guatemala,Guatemala,Zona 9,18350,+502 5231-2546
621,Sucursal Antigua Guatemala 621,Sucursal,Sacatepéquez,Antigua Guatemala,Zona 3,28676,+502 9951-6047
622,Sucursal Escuintla 622,Sucursal,Escuintla,Escuintla,Zona 4,24091,+502 3281-4003
623,Sucursal Quetzaltenango 623,Sucursal,Quetzaltenango,Quetzaltenango,Zona 5,66894,+502 6214-3322
624,Sucursal Cobán 624,Sucursal,Alta Verapaz,Cobán,Zona 8,79429,+502 2891-1172
625,Sucursal Flores 625,Sucursal,Petén,Flores,Zona 3,60933,+502 2427-5151
626,Sucursal Chiquimula 626,Sucursal,Chiquimula,Chiquimula,Zona 9,29506,+502 2967-4710
627,Sucursal Jutiapa 627,Sucursal,Jutiapa,Jutiapa,Zona 3,60827,+502 5244-5276
628,Sucursal Jalapa 628,Sucursal,Jalapa,Jalapa,Zona 7,83740,+502 1461-7498
629,Sucursal Huehuetenango 629,Sucursal,Huehuetenango,Huehuetenango,Zona 7,72645,+502 4551-4900
630,Sucursal Guatemala 630,Sucursal,Guatemala,Guatemala,Zona 1,59746,+502 8961-5351
631,Sucursal Antigua Guatemala 631,Sucursal,Sacatepéquez,Antigua Guatemala,Zona 8,87496,+502 9395-2295
632,Sucursal Escuintla 632,Sucursal,Escuintla,Escuintla,Zona 6,17212,+502 6307-4229
633,Sucursal Quetzaltenango 633,Sucursal,Quetzaltenango,Quetzaltenango,Zona 5,68708,+502 8546-6014
634,Sucursal Cobán 634,Sucursal,Alta Verapaz,Cobán,Zona 4,26348,+502 2286-7546
635,Sucursal Flores 635,Sucursal,Petén,Flores,Zona 5,32204,+502 8718-1946
636,Sucursal Chiquimula 636,Sucursal,Chiquimula,Chiquimula,Zona 5,38061,+502 4535-4805
637,Sucursal Jutiapa 637,Sucursal,Jutiapa,Jutiapa,Zona 6,71351,+502 2155-3543
638,Sucursal Jalapa 638,Sucursal,Jalapa,Jalapa,Zona 8,22170,+502 7589-8969
639,Sucursal Huehuetenango 639,Sucursal,Huehuetenango,Huehuetenango,Zona 1,28998,+502 8910-3497
640,Sucursal Guatemala 640,Sucursal,Guatemala,Guatemala,Zona 1,11807,+502 7357-5787
641,Sucursal Antigua Guatemala 641,Sucursal,Sacatepéquez,Antigua Guatemala,Zona 5,19596,+502 4251-8427
642,Sucursal Escuintla 642,Sucursal,Escuintla,Escuintla,Zona 8,61753,+502 9363-6599
643,Sucursal Quetzaltenango 643,Sucursal,Quetzaltenango,Quetzaltenango,Zona 4,33492,+502 2964-6034
644,Sucursal Cobán 644,Sucursal,Alta Verapaz,Cobán,Zona 10,50339,+502 4362-8444
645,Sucursal Flores 645,Sucursal,Petén,Flores,Zona 10,91288,+502 3223-5756
646,Sucursal Chiquimula 646,Sucursal,Chiquimula,Chiquimula,Zona 8,10032,+502 6934-7222
647,Sucursal Jutiapa 647,Sucursal,Jutiapa,Jutiapa,Zona 6,61909,+502 2688-8644
648,Sucursal Jalapa 648,Sucursal,Jalapa,Jalapa,Zona 5,80285,+502 6318-7597
649,Sucursal Huehuetenango 649,Sucursal,Huehuetenango,Huehuetenango,Zona 4,61156,+502 4013-3790
650,Sucursal Guatemala 650,Sucursal,Guatemala,Guatemala,Zona 8,89196,+502 2875-6263
651,Sucursal Antigua Guatemala 651,Sucursal,Sacatepéquez,Antigua Guatemala,Zona 10,89793,+502 7791-7562
652,Sucursal Escuintla 652,Sucursal,Escuintla,Escuintla,Zona 2,44971,+502 6945-2181
653,Sucursal Quetzaltenango 653,Sucursal,Quetzaltenango,Quetzaltenango,Zona 9,63459,+502 2260-1793
654,Sucursal Cobán 654,Sucursal,Alta Verapaz,Cobán,Zona 6,42630,+502 3603-6356
655,Sucursal Flores 655,Sucursal,Petén,Flores,Zona 8,75587,+502 6726-3991
656,Sucursal Chiquimula 656,Sucursal,Chiquimula,Chiquimula,Zona 4,17063,+502 6938-9629
657,Sucursal Jutiapa 657,Sucursal,Jutiapa,Jutiapa,Zona 10,36749,+502 9228-6831
658,Sucursal Jalapa 658,Sucursal,Jalapa,Jalapa,Zona 2,41782,+502 1118-5478
659,Sucursal Huehuetenango 659,Sucursal,Huehuetenango,Huehuetenango,Zona 8,18292,+502 3559-6055
660,Sucursal Guatemala 660,Sucursal,Guatemala,Guatemala,Zona 9,21899,+502 3559-1138
661,Sucursal Antigua Guatemala 661,Sucursal,Sacatepéquez,Antigua Guatemala,Zona 3,42161,+502 3653-9123
662,Sucursal Escuintla 662,Sucursal,Escuintla,Escuintla,Zona 1,47250,+502 3784-4561
663,Sucursal Quetzaltenango 663,Sucursal,Quetzaltenango,Quetzaltenango,Zona 7,44613,+502 1012-9861
664,Sucursal Cobán 664,Sucursal,Alta Verapaz,Cobán,Zona 3,45237,+502 6147-6316
665,Sucursal Flores 665,Sucursal,Petén,Flores,Zona 5,23416,+502 6946-2346
666,Sucursal Chiquimula 666,Sucursal,Chiquimula,Chiquimula,Zona 1,15089,+502 9291-1536
667,Sucursal Jutiapa 667,Sucursal,Jutiapa,Jutiapa,Zona 10,35711,+502 5390-5346
668,Sucursal Jalapa 668,Sucursal,Jalapa,Jalapa,Zona 3,87315,+502 8782-8885
669,Sucursal Huehuetenango 669,Sucursal,Huehuetenango,Huehuetenango,Zona 6,72638,+502 1936-1628
670,Sucursal Guatemala 670,Sucursal,Guatemala,Guatemala,Zona 2,58393,+502 8408-7074
671,Sucursal Antigua Guatemala 671,Sucursal,Sacatepéquez,Antigua Guatemala,Zona 7,84083,+502 5390-2195
672,Sucursal Escuintla 672,Sucursal,Escuintla,Escuintla,Zona 4,73202,+502 9215-8752
673,Sucursal Quetzaltenango 673,Sucursal,Quetzaltenango,Quetzaltenango,Zona 4,56919,+502 5292-4281
674,Sucursal Cobán 674,Sucursal,Alta Verapaz,Cobán,Zona 10,69355,+502 3490-5632
675,Sucursal Flores 675,Sucursal,Petén,Flores,Zona 9,34327,+502 1944-2429
676,Sucursal Chiquimula 676,Sucursal,Chiquimula,Chiquimula,Zona 8,43781,+502 5583-1569
677,Sucursal Jutiapa 677,Sucursal,Jutiapa,Jutiapa,Zona 1,39896,+502 6680-1361
678,Sucursal Jalapa 678,Sucursal,Jalapa,Jalapa,Zona 3,43928,+502 9670-8703
679,Sucursal Huehuetenango 679,Sucursal,Huehuetenango,Huehuetenango,Zona 7,79704,+502 9787-1441
680,Sucursal Guatemala 680,Sucursal,Guatemala,Guatemala,Zona 8,23690,+502 2018-5082
681,Sucursal Antigua Guatemala 681,Sucursal,Sacatepéquez,Antigua Guatemala,Zona 2,93496,+502 2009-5335
682,Sucursal Escuintla 682,Sucursal,Escuintla,Escuintla,Zona 1,77282,+502 4809-9228
683,Sucursal Quetzaltenango 683,Sucursal,Quetzaltenango,Quetzaltenango,Zona 6,77514,+502 2082-3875
684,Sucursal Cobán 684,Sucursal,Alta Verapaz,Cobán,Zona 6,96280,+502 2557-3956
685,Sucursal Flores 685,Sucursal,Petén,Flores,Zona 7,25661,+502 8315-3213
686,Sucursal Chiquimula 686,Sucursal,Chiquimula,Chiquimula,Zona 6,50891,+502 6203-9796
687,Sucursal Jutiapa 687,Sucursal,Jutiapa,Jutiapa,Zona 7,10502,+502 9130-7959
688,Sucursal Jalapa 688,Sucursal,Jalapa,Jalapa,Zona 2,44024,+502 7772-7994
689,Sucursal Huehuetenango 689,Sucursal,Huehuetenango,Huehuetenango,Zona 10,84409,+502 6504-5345
690,Sucursal Guatemala 690,Sucursal,Guatemala,Guatemala,Zona 4,25578,+502 3998-7692
691,Sucursal Antigua Guatemala 691,Sucursal,Sacatepéquez,Antigua Guatemala,Zona 5,42326,+502 7159-9425
692,Sucursal Escuintla 692,Sucursal,Escuintla,Escuintla,Zona 1,83679,+502 1072-9968
693,Sucursal Quetzaltenango 693,Sucursal,Quetzaltenango,Quetzaltenango,Zona 7,97540,+502 3813-2813
694,Sucursal Cobán 694,Sucursal,Alta Verapaz,Cobán,Zona 8,37008,+502 5145-8410
695,Sucursal Flores 695,Sucursal,Petén,Flores,Zona 7,38490,+502 8265-1471
696,Sucursal Chiquimula 696,Sucursal,Chiquimula,Chiquimula,Zona 7,77805,+502 5744-5713
697,Sucursal Jutiapa 697,Sucursal,Jutiapa,Jutiapa,Zona 2,25839,+502 4400-4904
698,Sucursal Jalapa 698,Sucursal,Jalapa,Jalapa,Zona 9,96522,+502 4189-7331
699,Sucursal Huehuetenango 699,Sucursal,Huehuetenango,Huehuetenango,Zona 9,39658,+502 8611-7438
700,Sucursal Guatemala 700,Sucursal,Guatemala,Guatemala,Zona 4,89163,+502 3636-4480
701,Sucursal Antigua Guatemala 701,Sucursal,Sacatepéquez,Antigua Guatemala,Zona 10,68936,+502 4457-8268
702,Sucursal Escuintla 702,Sucursal,Escuintla,Escuintla,Zona 8,33552,+502 2265-3997
703,Sucursal Quetzaltenango 703,Sucursal,Quetzaltenango,Quetzaltenango,Zona 3,59452,+502 5771-5605
704,Sucursal Cobán 704,Sucursal,Alta Verapaz,Cobán,Zona 5,43349,+502 6729-7763
705,Sucursal Flores 705,Sucursal,Petén,Flores,Zona 2,36198,+502 5997-2833
706,Sucursal Chiquimula 706,Sucursal,Chiquimula,Chiquimula,Zona 1,22916,+502 9404-9496
707,Sucursal Jutiapa 707,Sucursal,Jutiapa,Jutiapa,Zona 7,32968,+502 3381-1479
708,Sucursal Jalapa 708,Sucursal,Jalapa,Jalapa,Zona 8,54446,+502 3496-3344
709,Sucursal Huehuetenango 709,Sucursal,Huehuetenango,Huehuetenango,Zona 10,33371,+502 6779-6314
710,Sucursal Guatemala 710,Sucursal,Guatemala,Guatemala,Zona 4,54321,+502 2332-5161
711,Sucursal Antigua Guatemala 711,Sucursal,Sacatepéquez,Antigua Guatemala,Zona 9,73244,+502 7420-6966
712,Sucursal Escuintla 712,Sucursal,Escuintla,Escuintla,Zona 5,88161,+502 3261-4685
713,Sucursal Quetzaltenango 713,Sucursal,Quetzaltenango,Quetzaltenango,Zona 10,43532,+502 6581-1864
714,Sucursal Cobán 714,Sucursal,Alta Verapaz,Cobán,Zona 3,29829,+502 9865-7322
715,Sucursal Flores 715,Sucursal,Petén,Flores,Zona 3,30461,+502 1106-7329
716,Sucursal Chiquimula 716,Sucursal,Chiquimula,Chiquimula,Zona 2,51591,+502 3558-8476
717,Sucursal Jutiapa 717,Sucursal,Jutiapa,Jutiapa,Zona 2,38418,+502 1873-5169
718,Sucursal Jalapa 718,Sucursal,Jalapa,Jalapa,Zona 8,56463,+502 4104-7335
719,Sucursal Huehuetenango 719,Sucursal,Huehuetenango,Huehuetenango,Zona 10,83908,+502 8733-2798
720,Sucursal Guatemala 720,Sucursal,Guatemala,Guatemala,Zona 4,22333,+502 3289-1032
721,Sucursal Antigua Guatemala 721,Sucursal,Sacatepéquez,Antigua Guatemala,Zona 3,46332,+502 5368-6316
722,Sucursal Escuintla 722,Sucursal,Escuintla,Escuintla,Zona 2,35038,+502 9772-9746
723,Sucursal Quetzaltenango 723,Sucursal,Quetzaltenango,Quetzaltenango,Zona 4,24551,+502 3049-3340
724,Sucursal Cobán 724,Sucursal,Alta Verapaz,Cobán,Zona 1,68826,+502 5657-7220
725,Sucursal Flores 725,Sucursal,Petén,Flores,Zona 9,85192,+502 5887-6649
726,Sucursal Chiquimula 726,Sucursal,Chiquimula,Chiquimula,Zona 8,25652,+502 2806-4420
727,Sucursal Jutiapa 727,Sucursal,Jutiapa,Jutiapa,Zona 9,84945,+502 3254-3670
728,Sucursal Jalapa 728,Sucursal,Jalapa,Jalapa,Zona 2,30905,+502 8608-1021
729,Sucursal Huehuetenango 729,Sucursal,Huehuetenango,Huehuetenango,Zona 7,48280,+502 2397-4405
730,Sucursal Guatemala 730,Sucursal,Guatemala,Guatemala,Zona 8,64800,+502 3065-2041
731,Sucursal Antigua Guatemala 731,Sucursal,Sacatepéquez,Antigua Guatemala,Zona 6,57514,+502 5397-2525
732,Sucursal Escuintla 732,Sucursal,Escuintla,Escuintla,Zona 9,86478,+502 8619-7553
733,Sucursal Quetzaltenango 733,Sucursal,Quetzaltenango,Quetzaltenango,Zona 7,47818,+502 5313-1815
734,Sucursal Cobán 734,Sucursal,Alta Verapaz,Cobán,Zona 3,22772,+502 8429-3413
735,Sucursal Flores 735,Sucursal,Petén,Flores,Zona 6,60140,+502 9484-2065
736,Sucursal Chiquimula 736,Sucursal,Chiquimula,Chiquimula,Zona 4,47234,+502 4722-8717
737,Sucursal Jutiapa 737,Sucursal,Jutiapa,Jutiapa,Zona 3,30051,+502 1877-1950
738,Sucursal Jalapa 738,Sucursal,Jalapa,Jalapa,Zona 2,43595,+502 1060-3718
739,Sucursal Huehuetenango 739,Sucursal,Huehuetenango,Huehuetenango,Zona 6,48055,+502 1128-7045
740,Sucursal Guatemala 740,Sucursal,Guatemala,Guatemala,Zona 5,61937,+502 4975-5853
741,Sucursal Antigua Guatemala 741,Sucursal,Sacatepéquez,Antigua Guatemala,Zona 3,21589,+502 1442-3062
742,Sucursal Escuintla 742,Sucursal,Escuintla,Escuintla,Zona 6,14928,+502 8774-3166
743,Sucursal Quetzaltenango 743,Sucursal,Quetzaltenango,Quetzaltenango,Zona 9,98716,+502 5152-4929
744,Sucursal Cobán 744,Sucursal,Alta Verapaz,Cobán,Zona 1,19368,+502 4014-3587
745,Sucursal Flores 745,Sucursal,Petén,Flores,Zona 4,63594,+502 3845-9841
746,Sucursal Chiquimula 746,Sucursal,Chiquimula,Chiquimula,Zona 7,22407,+502 4800-2094
747,Sucursal Jutiapa 747,Sucursal,Jutiapa,Jutiapa,Zona 7,98127,+502 7465-2881
748,Sucursal Jalapa 748,Sucursal,Jalapa,Jalapa,Zona 2,31331,+502 1922-1438
749,Sucursal Huehuetenango 749,Sucursal,Huehuetenango,Huehuetenango,Zona 4,81271,+502 1716-3884
750,Sucursal Guatemala 750,Sucursal,Guatemala,Guatemala,Zona 1,35295,+502 6951-5427
751,Sucursal Antigua Guatemala 751,Sucursal,Sacatepéquez,Antigua Guatemala,Zona 7,28310,+502 9183-7658
752,Sucursal Escuintla 752,Sucursal,Escuintla,Escuintla,Zona 8,29966,+502 3668-6873
753,Sucursal Quetzaltenango 753,Sucursal,Quetzaltenango,Quetzaltenango,Zona 1,70015,+502 9002-5010
754,Sucursal Cobán 754,Sucursal,Alta Verapaz,Cobán,Zona 1,11476,+502 5451-6247
755,Sucursal Flores 755,Sucursal,Petén,Flores,Zona 8,37203,+502 8304-9399
756,Sucursal Chiquimula 756,Sucursal,Chiquimula,Chiquimula,Zona 9,53276,+502 6010-1182
757,Sucursal Jutiapa 757,Sucursal,Jutiapa,Jutiapa,Zona 3,98045,+502 7389-5677
758,Sucursal Jalapa 758,Sucursal,Jalapa,Jalapa,Zona 3,88664,+502 4626-6531
759,Sucursal Huehuetenango 759,Sucursal,Huehuetenango,Huehuetenango,Zona 4,82125,+502 5123-6529
760,Sucursal Guatemala 760,Sucursal,Guatemala,Guatemala,Zona 5,44140,+502 3622-2112
761,Sucursal Antigua Guatemala 761,Sucursal,Sacatepéquez,Antigua Guatemala,Zona 3,62045,+502 2690-4085
762,Sucursal Escuintla 762,Sucursal,Escuintla,Escuintla,Zona 10,72543,+502 7529-4480
763,Sucursal Quetzaltenango 763,Sucursal,Quetzaltenango,Quetzaltenango,Zona 10,86796,+502 3493-6847
764,Sucursal Cobán 764,Sucursal,Alta Verapaz,Cobán,Zona 4,19079,+502 4170-7994
765,Sucursal Flores 765,Sucursal,Petén,Flores,Zona 5,87984,+502 5674-5959
766,Sucursal Chiquimula 766,Sucursal,Chiquimula,Chiquimula,Zona 10,48420,+502 1393-8954
767,Sucursal Jutiapa 767,Sucursal,Jutiapa,Jutiapa,Zona 9,90089,+502 8780-6311
768,Sucursal Jalapa 768,Sucursal,Jalapa,Jalapa,Zona 5,44410,+502 6545-9794
769,Sucursal Huehuetenango 769,Sucursal,Huehuetenango,Huehuetenango,Zona 2,13032,+502 4841-4401
770,Sucursal Guatemala 770,Sucursal,Guatemala,Guatemala,Zona 2,49109,+502 2039-7185
771,Sucursal Antigua Guatemala 771,Sucursal,Sacatepéquez,Antigua Guatemala,Zona 5,53267,+502 2830-9293
772,Sucursal Escuintla 772,Sucursal,Escuintla,Escuintla,Zona 7,60242,+502 3272-4593
773,Sucursal Quetzaltenango 773,Sucursal,Quetzaltenango,Quetzaltenango,Zona 7,28411,+502 7048-1782
774,Sucursal Cobán 774,Sucursal,Alta Verapaz,Cobán,Zona 7,65335,+502 5436-7111
775,Sucursal Flores 775,Sucursal,Petén,Flores,Zona 3,48403,+502 6499-6033
776,Sucursal Chiquimula 776,Sucursal,Chiquimula,Chiquimula,Zona 8,41382,+502 8209-4039
777,Sucursal Jutiapa 777,Sucursal,Jutiapa,Jutiapa,Zona 8,37318,+502 8685-8178
778,Sucursal Jalapa 778,Sucursal,Jalapa,Jalapa,Zona 7,84286,+502 3161-3070
779,Sucursal Huehuetenango 779,Sucursal,Huehuetenango,Huehuetenango,Zona 3,95979,+502 1023-7072
780,Sucursal Guatemala 780,Sucursal,Guatemala,Guatemala,Zona 10,24081,+502 4210-8484
781,Sucursal Antigua Guatemala 781,Sucursal,Sacatepéquez,Antigua Guatemala,Zona 10,72291,+502 9434-1455
782,Sucursal Escuintla 782,Sucursal,Escuintla,Escuintla,Zona 5,43311,+502 9706-3488
783,Sucursal Quetzaltenango 783,Sucursal,Quetzaltenango,Quetzaltenango,Zona 10,11426,+502 1855-9837
784,Sucursal Cobán 784,Sucursal,Alta Verapaz,Cobán,Zona 5,50138,+502 5359-4961
785,Sucursal Flores 785,Sucursal,Petén,Flores,Zona 8,32806,+502 8088-2181
786,Sucursal Chiquimula 786,Sucursal,Chiquimula,Chiquimula,Zona 1,67488,+502 4041-3096
787,Sucursal Jutiapa 787,Sucursal,Jutiapa,Jutiapa,Zona 5,60763,+502 4518-8723
788,Sucursal Jalapa 788,Sucursal,Jalapa,Jalapa,Zona 8,18530,+502 1341-7836
789,Sucursal Huehuetenango 789,Sucursal,Huehuetenango,Huehuetenango,Zona 4,14905,+502 7174-5787
790,Sucursal Guatemala 790,Sucursal,Guatemala,Guatemala,Zona 5,64385,+502 1245-5925
791,Sucursal Antigua Guatemala 791,Sucursal,Sacatepéquez,Antigua Guatemala,Zona 8,98617,+502 9465-1307
792,Sucursal Escuintla 792,Sucursal,Escuintla,Escuintla,Zona 2,24065,+502 2807-6224
793,Sucursal Quetzaltenango 793,Sucursal,Quetzaltenango,Quetzaltenango,Zona 10,68785,+502 4136-3310
794,Sucursal Cobán 794,Sucursal,Alta Verapaz,Cobán,Zona 7,58647,+502 3948-3487
795,Sucursal Flores 795,Sucursal,Petén,Flores,Zona 6,54880,+502 7155-6942
796,Sucursal Chiquimula 796,Sucursal,Chiquimula,Chiquimula,Zona 9,76862,+502 8555-9562
797,Sucursal Jutiapa 797,Sucursal,Jutiapa,Jutiapa,Zona 10,35319,+502 5741-3985
798,Sucursal Jalapa 798,Sucursal,Jalapa,Jalapa,Zona 2,50222,+502 7491-1719
799,Sucursal Huehuetenango 799,Sucursal,Huehuetenango,Huehuetenango,Zona 7,41264,+502 2714-3632
800,Sucursal Guatemala 800,Sucursal,Guatemala,Guatemala,Zona 8,22279,+502 4293-2580
801,Sucursal Antigua Guatemala 801,Sucursal,Sacatepéquez,Antigua Guatemala,Zona 5,39075,+502 4518-2626
802,Sucursal Escuintla 802,Sucursal,Escuintla,Escuintla,Zona 5,90851,+502 3335-3316
803,Sucursal Quetzaltenango 803,Sucursal,Quetzaltenango,Quetzaltenango,Zona 8,39490,+502 4251-3928
804,Sucursal Cobán 804,Sucursal,Alta Verapaz,Cobán,Zona 5,79261,+502 2670-8550
805,Sucursal Flores 805,Sucursal,Petén,Flores,Zona 5,66732,+502 6128-7128
806,Sucursal Chiquimula 806,Sucursal,Chiquimula,Chiquimula,Zona 6,23657,+502 5833-1647
807,Sucursal Jutiapa 807,Sucursal,Jutiapa,Jutiapa,Zona 9,47472,+502 9623-1020
808,Sucursal Jalapa 808,Sucursal,Jalapa,Jalapa,Zona 6,91387,+502 8145-7888
809,Sucursal Huehuetenango 809,Sucursal,Huehuetenango,Huehuetenango,Zona 9,33210,+502 4760-2993
810,Sucursal Guatemala 810,Sucursal,Guatemala,Guatemala,Zona 5,72688,+502 3001-8945
811,Sucursal Antigua Guatemala 811,Sucursal,Sacatepéquez,Antigua Guatemala,Zona 9,25153,+502 5128-2473
812,Sucursal Escuintla 812,Sucursal,Escuintla,Escuintla,Zona 7,69030,+502 2188-7129
813,Sucursal Quetzaltenango 813,Sucursal,Quetzaltenango,Quetzaltenango,Zona 7,45690,+502 1465-2552
814,Sucursal Cobán 814,Sucursal,Alta Verapaz,Cobán,Zona 7,53565,+502 8952-4946
815,Sucursal Flores 815,Sucursal,Petén,Flores,Zona 4,86550,+502 1947-5240
816,Sucursal Chiquimula 816,Sucursal,Chiquimula,Chiquimula,Zona 2,47179,+502 8160-1286
817,Sucursal Jutiapa 817,Sucursal,Jutiapa,Jutiapa,Zona 6,69551,+502 9737-8064
818,Sucursal Jalapa 818,Sucursal,Jalapa,Jalapa,Zona 2,12472,+502 2203-4303
819,Sucursal Huehuetenango 819,Sucursal,Huehuetenango,Huehuetenango,Zona 9,64509,+502 5050-3530
820,Sucursal Guatemala 820,Sucursal,Guatemala,Guatemala,Zona 1,14833,+502 5574-9056
821,Sucursal Antigua Guatemala 821,Sucursal,Sacatepéquez,Antigua Guatemala,Zona 2,71411,+502 9068-5267
822,Sucursal Escuintla 822,Sucursal,Escuintla,Escuintla,Zona 1,58014,+502 6647-2879
823,Sucursal Quetzaltenango 823,Sucursal,Quetzaltenango,Quetzaltenango,Zona 10,60780,+502 2419-4045
824,Sucursal Cobán 824,Sucursal,Alta Verapaz,Cobán,Zona 3,74964,+502 4729-3260
825,Sucursal Flores 825,Sucursal,Petén,Flores,Zona 2,68905,+502 8591-7144
826,Sucursal Chiquimula 826,Sucursal,Chiquimula,Chiquimula,Zona 7,25880,+502 1863-3981
827,Sucursal Jutiapa 827,Sucursal,Jutiapa,Jutiapa,Zona 8,20910,+502 4984-7255
828,Sucursal Jalapa 828,Sucursal,Jalapa,Jalapa,Zona 5,21566,+502 2170-1023
829,Sucursal Huehuetenango 829,Sucursal,Huehuetenango,Huehuetenango,Zona 4,76527,+502 5134-4132
830,Sucursal Guatemala 830,Sucursal,Guatemala,Guatemala,Zona 5,49330,+502 3963-5617
831,Sucursal Antigua Guatemala 831,Sucursal,Sacatepéquez,Antigua Guatemala,Zona 5,72047,+502 6146-2018
832,Sucursal Escuintla 832,Sucursal,Escuintla,Escuintla,Zona 7,22690,+502 7887-5562
833,Sucursal Quetzaltenango 833,Sucursal,Quetzaltenango,Quetzaltenango,Zona 2,42264,+502 9248-6918
834,Sucursal Cobán 834,Sucursal,Alta Verapaz,Cobán,Zona 5,36251,+502 3534-9343
835,Sucursal Flores 835,Sucursal,Petén,Flores,Zona 9,33704,+502 1334-4406
836,Sucursal Chiquimula 836,Sucursal,Chiquimula,Chiquimula,Zona 9,69897,+502 5986-8131
837,Sucursal Jutiapa 837,Sucursal,Jutiapa,Jutiapa,Zona 8,15864,+502 8526-1895
838,Sucursal Jalapa 838,Sucursal,Jalapa,Jalapa,Zona 1,27647,+502 1279-9561
839,Sucursal Huehuetenango 839,Sucursal,Huehuetenango,Huehuetenango,Zona 3,53425,+502 4001-6391
840,Sucursal Guatemala 840,Sucursal,Guatemala,Guatemala,Zona 3,41777,+502 9448-7607
841,Sucursal Antigua Guatemala 841,Sucursal,Sacatepéquez,Antigua Guatemala,Zona 10,88460,+502 1429-8448
842,Sucursal Escuintla 842,Sucursal,Escuintla,Escuintla,Zona 1,63209,+502 5349-8821
843,Sucursal Quetzaltenango 843,Sucursal,Quetzaltenango,Quetzaltenango,Zona 5,63477,+502 5743-1724
844,Sucursal Cobán 844,Sucursal,Alta Verapaz,Cobán,Zona 5,79122,+502 4207-4595
845,Sucursal Flores 845,Sucursal,Petén,Flores,Zona 2,91963,+502 4268-7923
846,Sucursal Chiquimula 846,Sucursal,Chiquimula,Chiquimula,Zona 10,55897,+502 7886-4103
847,Sucursal Jutiapa 847,Sucursal,Jutiapa,Jutiapa,Zona 7,61128,+502 6258-9361
848,Sucursal Jalapa 848,Sucursal,Jalapa,Jalapa,Zona 8,22898,+502 9585-1253
849,Sucursal Huehuetenango 849,Sucursal,Huehuetenango,Huehuetenango,Zona 7,85292,+502 6480-9232
850,Sucursal Guatemala 850,Sucursal,Guatemala,Guatemala,Zona 2,26985,+502 3677-2154
851,Sucursal Antigua Guatemala 851,Sucursal,Sacatepéquez,Antigua Guatemala,Zona 10,84776,+502 9757-8742
852,Sucursal Escuintla 852,Sucursal,Escuintla,Escuintla,Zona 9,62287,+502 1783-9704
853,Sucursal Quetzaltenango 853,Sucursal,Quetzaltenango,Quetzaltenango,Zona 7,85497,+502 7291-5248
854,Sucursal Cobán 854,Sucursal,Alta Verapaz,Cobán,Zona 5,43477,+502 4983-3093
855,Sucursal Flores 855,Sucursal,Petén,Flores,Zona 1,34568,+502 6455-7098
856,Sucursal Chiquimula 856,Sucursal,Chiquimula,Chiquimula,Zona 9,77735,+502 1887-2107
857,Sucursal Jutiapa 857,Sucursal,Jutiapa,Jutiapa,Zona 4,81048,+502 5034-1954
858,Sucursal Jalapa 858,Sucursal,Jalapa,Jalapa,Zona 5,21541,+502 8001-7982
859,Sucursal Huehuetenango 859,Sucursal,Huehuetenango,Huehuetenango,Zona 10,80644,+502 3322-8070
860,Sucursal Guatemala 860,Sucursal,Guatemala,Guatemala,Zona 7,86459,+502 7717-4169
861,Sucursal Antigua Guatemala 861,Sucursal,Sacatepéquez,Antigua Guatemala,Zona 9,20039,+502 9924-2290
862,Sucursal Escuintla 862,Sucursal,Escuintla,Escuintla,Zona 2,36694,+502 4336-9306
863,Sucursal Quetzaltenango 863,Sucursal,Quetzaltenango,Quetzaltenango,Zona 9,47797,+502 2885-7453
864,Sucursal Cobán 864,Sucursal,Alta Verapaz,Cobán,Zona 1,37087,+502 9890-3881
865,Sucursal Flores 865,Sucursal,Petén,Flores,Zona 6,41406,+502 2699-1838
866,Sucursal Chiquimula 866,Sucursal,Chiquimula,Chiquimula,Zona 1,47586,+502 5981-4449
867,Sucursal Jutiapa 867,Sucursal,Jutiapa,Jutiapa,Zona 1,75882,+502 8364-1813
868,Sucursal Jalapa 868,Sucursal,Jalapa,Jalapa,Zona 1,52525,+502 8420-3164
869,Sucursal Huehuetenango 869,Sucursal,Huehuetenango,Huehuetenango,Zona 7,24579,+502 1387-3786
870,Sucursal Guatemala 870,Sucursal,Guatemala,Guatemala,Zona 5,41546,+502 5471-1994
871,Sucursal Antigua Guatemala 871,Sucursal,Sacatepéquez,Antigua Guatemala,Zona 7,12793,+502 8917-6451
872,Sucursal Escuintla 872,Sucursal,Escuintla,Escuintla,Zona 9,31758,+502 9510-8659
873,Sucursal Quetzaltenango 873,Sucursal,Quetzaltenango,Quetzaltenango,Zona 4,95735,+502 1302-9091
874,Sucursal Cobán 874,Sucursal,Alta Verapaz,Cobán,Zona 7,75712,+502 2774-7549
875,Sucursal Flores 875,Sucursal,Petén,Flores,Zona 10,15977,+502 1111-5878
876,Sucursal Chiquimula 876,Sucursal,Chiquimula,Chiquimula,Zona 5,77730,+502 7292-8592
877,Sucursal Jutiapa 877,Sucursal,Jutiapa,Jutiapa,Zona 10,91312,+502 1869-2602
878,Sucursal Jalapa 878,Sucursal,Jalapa,Jalapa,Zona 6,87354,+502 5550-8461
879,Sucursal Huehuetenango 879,Sucursal,Huehuetenango,Huehuetenango,Zona 9,20595,+502 9013-3476
880,Sucursal Guatemala 880,Sucursal,Guatemala,Guatemala,Zona 5,51641,+502 3126-8082
881,Sucursal Antigua Guatemala 881,Sucursal,Sacatepéquez,Antigua Guatemala,Zona 3,41338,+502 4808-8826
882,Sucursal Escuintla 882,Sucursal,Escuintla,Escuintla,Zona 8,13735,+502 3148-7135
883,Sucursal Quetzaltenango 883,Sucursal,Quetzaltenango,Quetzaltenango,Zona 1,71230,+502 8301-5047
884,Sucursal Cobán 884,Sucursal,Alta Verapaz,Cobán,Zona 1,67573,+502 8862-5692
885,Sucursal Flores 885,Sucursal,Petén,Flores,Zona 2,77675,+502 5127-8917
886,Sucursal Chiquimula 886,Sucursal,Chiquimula,Chiquimula,Zona 7,24897,+502 5737-1740
887,Sucursal Jutiapa 887,Sucursal,Jutiapa,Jutiapa,Zona 2,22652,+502 2030-6581
888,Sucursal Jalapa 888,Sucursal,Jalapa,Jalapa,Zona 6,80533,+502 5384-3947
889,Sucursal Huehuetenango 889,Sucursal,Huehuetenango,Huehuetenango,Zona 8,72469,+502 4914-3026
890,Sucursal Guatemala 890,Sucursal,Guatemala,Guatemala,Zona 2,25536,+502 5603-8766
891,Sucursal Antigua Guatemala 891,Sucursal,Sacatepéquez,Antigua Guatemala,Zona 5,54216,+502 3564-1992
892,Sucursal Escuintla 892,Sucursal,Escuintla,Escuintla,Zona 6,87812,+502 6154-7100
893,Sucursal Quetzaltenango 893,Sucursal,Quetzaltenango,Quetzaltenango,Zona 8,12481,+502 1230-4429
894,Sucursal Cobán 894,Sucursal,Alta Verapaz,Cobán,Zona 4,16033,+502 4564-6453
895,Sucursal Flores 895,Sucursal,Petén,Flores,Zona 4,95627,+502 6314-5592
896,Sucursal Chiquimula 896,Sucursal,Chiquimula,Chiquimula,Zona 5,88470,+502 6512-6419
897,Sucursal Jutiapa 897,Sucursal,Jutiapa,Jutiapa,Zona 2,47320,+502 5163-3497
898,Sucursal Jalapa 898,Sucursal,Jalapa,Jalapa,Zona 9,10936,+502 1177-3140
899,Sucursal Huehuetenango 899,Sucursal,Huehuetenango,Huehuetenango,Zona 8,70372,+502 4538-9364
900,Sucursal Guatemala 900,Sucursal,Guatemala,Guatemala,Zona 6,31540,+502 8279-5860
901,Sucursal Antigua Guatemala 901,Sucursal,Sacatepéquez,Antigua Guatemala,Zona 4,49106,+502 5664-4673
902,Sucursal Escuintla 902,Sucursal,Escuintla,Escuintla,Zona 4,34458,+502 5577-6032
903,Sucursal Quetzaltenango 903,Sucursal,Quetzaltenango,Quetzaltenango,Zona 1,63157,+502 4842-3219
904,Sucursal Cobán 904,Sucursal,Alta Verapaz,Cobán,Zona 9,43542,+502 3796-3645
905,Sucursal Flores 905,Sucursal,Petén,Flores,Zona 5,85100,+502 5966-6453
906,Sucursal Chiquimula 906,Sucursal,Chiquimula,Chiquimula,Zona 8,59429,+502 4536-4055
907,Sucursal Jutiapa 907,Sucursal,Jutiapa,Jutiapa,Zona 10,17193,+502 7322-7937
908,Sucursal Jalapa 908,Sucursal,Jalapa,Jalapa,Zona 6,37198,+502 3843-8203
909,Sucursal Huehuetenango 909,Sucursal,Huehuetenango,Huehuetenango,Zona 6,32814,+502 1660-1974
910,Sucursal Guatemala 910,Sucursal,Guatemala,Guatemala,Zona 8,69961,+502 8972-4702
911,Sucursal Antigua Guatemala 911,Sucursal,Sacatepéquez,Antigua Guatemala,Zona 8,47516,+502 7313-6479
912,Sucursal Escuintla 912,Sucursal,Escuintla,Escuintla,Zona 4,52309,+502 1511-5288
913,Sucursal Quetzaltenango 913,Sucursal,Quetzaltenango,Quetzaltenango,Zona 6,56538,+502 6318-5956
914,Sucursal Cobán 914,Sucursal,Alta Verapaz,Cobán,Zona 2,84673,+502 8938-6620
915,Sucursal Flores 915,Sucursal,Petén,Flores,Zona 4,60910,+502 1379-7228
916,Sucursal Chiquimula 916,Sucursal,Chiquimula,Chiquimula,Zona 6,31069,+502 9175-2730
917,Sucursal Jutiapa 917,Sucursal,Jutiapa,Jutiapa,Zona 8,42259,+502 7433-3620
918,Sucursal Jalapa 918,Sucursal,Jalapa,Jalapa,Zona 8,21221,+502 4658-4266
919,Sucursal Huehuetenango 919,Sucursal,Huehuetenango,Huehuetenango,Zona 2,92708,+502 1456-7025
920,Sucursal Guatemala 920,Sucursal,Guatemala,Guatemala,Zona 1,95999,+502 9975-3552
921,Sucursal Antigua Guatemala 921,Sucursal,Sacatepéquez,Antigua Guatemala,Zona 7,13931,+502 3901-8741
922,Sucursal Escuintla 922,Sucursal,Escuintla,Escuintla,Zona 1,83784,+502 9259-3611
923,Sucursal Quetzaltenango 923,Sucursal,Quetzaltenango,Quetzaltenango,Zona 2,18672,+502 9388-3932
924,Sucursal Cobán 924,Sucursal,Alta Verapaz,Cobán,Zona 10,25706,+502 7792-5841
925,Sucursal Flores 925,Sucursal,Petén,Flores,Zona 1,40579,+502 8665-7226
926,Sucursal Chiquimula 926,Sucursal,Chiquimula,Chiquimula,Zona 3,74884,+502 2275-1796
927,Sucursal Jutiapa 927,Sucursal,Jutiapa,Jutiapa,Zona 10,52512,+502 5290-3040
928,Sucursal Jalapa 928,Sucursal,Jalapa,Jalapa,Zona 2,20833,+502 1443-7559
929,Sucursal Huehuetenango 929,Sucursal,Huehuetenango,Huehuetenango,Zona 6,44701,+502 2556-5994
930,Sucursal Guatemala 930,Sucursal,Guatemala,Guatemala,Zona 3,85762,+502 8145-4657
931,Sucursal Antigua Guatemala 931,Sucursal,Sacatepéquez,Antigua Guatemala,Zona 6,47936,+502 5637-7053
932,Sucursal Escuintla 932,Sucursal,Escuintla,Escuintla,Zona 9,55373,+502 4390-8055
933,Sucursal Quetzaltenango 933,Sucursal,Quetzaltenango,Quetzaltenango,Zona 2,39463,+502 4815-2218
934,Sucursal Cobán 934,Sucursal,Alta Verapaz,Cobán,Zona 6,25380,+502 9637-2564
935,Sucursal Flores 935,Sucursal,Petén,Flores,Zona 6,17103,+502 2297-5167
936,Sucursal Chiquimula 936,Sucursal,Chiquimula,Chiquimula,Zona 2,65808,+502 8959-8259
937,Sucursal Jutiapa 937,Sucursal,Jutiapa,Jutiapa,Zona 3,24613,+502 8708-4953
938,Sucursal Jalapa 938,Sucursal,Jalapa,Jalapa,Zona 7,96514,+502 3872-3997
939,Sucursal Huehuetenango 939,Sucursal,Huehuetenango,Huehuetenango,Zona 9,41760,+502 6772-9838
940,Sucursal Guatemala 940,Sucursal,Guatemala,Guatemala,Zona 3,31891,+502 1622-5690
941,Sucursal Antigua Guatemala 941,Sucursal,Sacatepéquez,Antigua Guatemala,Zona 6,50460,+502 3483-6876
942,Sucursal Escuintla 942,Sucursal,Escuintla,Escuintla,Zona 5,69205,+502 4068-9073
943,Sucursal Quetzaltenango 943,Sucursal,Quetzaltenango,Quetzaltenango,Zona 4,70407,+502 8909-7899
944,Sucursal Cobán 944,Sucursal,Alta Verapaz,Cobán,Zona 7,40744,+502 4963-6925
945,Sucursal Flores 945,Sucursal,Petén,Flores,Zona 6,86172,+502 8751-1784
946,Sucursal Chiquimula 946,Sucursal,Chiquimula,Chiquimula,Zona 4,24944,+502 9611-3844
947,Sucursal Jutiapa 947,Sucursal,Jutiapa,Jutiapa,Zona 1,56951,+502 5962-9291
948,Sucursal Jalapa 948,Sucursal,Jalapa,Jalapa,Zona 10,69779,+502 8659-1222
949,Sucursal Huehuetenango 949,Sucursal,Huehuetenango,Huehuetenango,Zona 5,99018,+502 7985-7108
950,Sucursal Guatemala 950,Sucursal,Guatemala,Guatemala,Zona 1,73078,+502 7309-2362
951,Sucursal Antigua Guatemala 951,Sucursal,Sacatepéquez,Antigua Guatemala,Zona 2,58186,+502 8642-2499
952,Sucursal Escuintla 952,Sucursal,Escuintla,Escuintla,Zona 10,83986,+502 1553-9142
953,Sucursal Quetzaltenango 953,Sucursal,Quetzaltenango,Quetzaltenango,Zona 2,74528,+502 1954-1338
954,Sucursal Cobán 954,Sucursal,Alta Verapaz,Cobán,Zona 9,22340,+502 5926-3015
955,Sucursal Flores 955,Sucursal,Petén,Flores,Zona 8,50256,+502 5277-2826
956,Sucursal Chiquimula 956,Sucursal,Chiquimula,Chiquimula,Zona 10,37518,+502 1811-2853
957,Sucursal Jutiapa 957,Sucursal,Jutiapa,Jutiapa,Zona 4,38459,+502 5515-2008
958,Sucursal Jalapa 958,Sucursal,Jalapa,Jalapa,Zona 9,50992,+502 9522-9757
959,Sucursal Huehuetenango 959,Sucursal,Huehuetenango,Huehuetenango,Zona 5,76837,+502 8423-6378
960,Sucursal Guatemala 960,Sucursal,Guatemala,Guatemala,Zona 8,76241,+502 2360-9763
961,Sucursal Antigua Guatemala 961,Sucursal,Sacatepéquez,Antigua Guatemala,Zona 1,62002,+502 6157-6066
962,Sucursal Escuintla 962,Sucursal,Escuintla,Escuintla,Zona 1,11066,+502 9249-4868
963,Sucursal Quetzaltenango 963,Sucursal,Quetzaltenango,Quetzaltenango,Zona 3,50036,+502 4790-7608
964,Sucursal Cobán 964,Sucursal,Alta Verapaz,Cobán,Zona 8,95158,+502 5286-5868
965,Sucursal Flores 965,Sucursal,Petén,Flores,Zona 10,97204,+502 6496-7314
966,Sucursal Chiquimula 966,Sucursal,Chiquimula,Chiquimula,Zona 2,87661,+502 2536-5958
967,Sucursal Jutiapa 967,Sucursal,Jutiapa,Jutiapa,Zona 6,73758,+502 3457-1799
968,Sucursal Jalapa 968,Sucursal,Jalapa,Jalapa,Zona 1,57268,+502 8443-8054
969,Sucursal Huehuetenango 969,Sucursal,Huehuetenango,Huehuetenango,Zona 1,30776,+502 1847-9045
970,Sucursal Guatemala 970,Sucursal,Guatemala,Guatemala,Zona 7,76070,+502 6174-6872
971,Sucursal Antigua Guatemala 971,Sucursal,Sacatepéquez,Antigua Guatemala,Zona 6,61242,+502 2258-6893
972,Sucursal Escuintla 972,Sucursal,Escuintla,Escuintla,Zona 8,35770,+502 2974-4193
973,Sucursal Quetzaltenango 973,Sucursal,Quetzaltenango,Quetzaltenango,Zona 4,49400,+502 1066-1907
974,Sucursal Cobán 974,Sucursal,Alta Verapaz,Cobán,Zona 5,30281,+502 5157-1336
975,Sucursal Flores 975,Sucursal,Petén,Flores,Zona 2,89077,+502 2165-6701
976,Sucursal Chiquimula 976,Sucursal,Chiquimula,Chiquimula,Zona 3,87990,+502 1252-5161
977,Sucursal Jutiapa 977,Sucursal,Jutiapa,Jutiapa,Zona 8,17706,+502 1698-2875
978,Sucursal Jalapa 978,Sucursal,Jalapa,Jalapa,Zona 9,58013,+502 6346-2372
979,Sucursal Huehuetenango 979,Sucursal,Huehuetenango,Huehuetenango,Zona 5,37778,+502 2312-3072
980,Sucursal Guatemala 980,Sucursal,Guatemala,Guatemala,Zona 9,93292,+502 3676-5866
981,Sucursal Antigua Guatemala 981,Sucursal,Sacatepéquez,Antigua Guatemala,Zona 6,89326,+502 4155-6887
982,Sucursal Escuintla 982,Sucursal,Escuintla,Escuintla,Zona 10,40308,+502 1902-3489
983,Sucursal Quetzaltenango 983,Sucursal,Quetzaltenango,Quetzaltenango,Zona 3,45032,+502 6193-4710
984,Sucursal Cobán 984,Sucursal,Alta Verapaz,Cobán,Zona 5,12989,+502 1897-4533
985,Sucursal Flores 985,Sucursal,Petén,Flores,Zona 10,49342,+502 1924-3559
986,Sucursal Chiquimula 986,Sucursal,Chiquimula,Chiquimula,Zona 5,74470,+502 9905-2921
987,Sucursal Jutiapa 987,Sucursal,Jutiapa,Jutiapa,Zona 3,35180,+502 1707-6506
988,Sucursal Jalapa 988,Sucursal,Jalapa,Jalapa,Zona 7,93942,+502 7839-6063
989,Sucursal Huehuetenango 989,Sucursal,Huehuetenango,Huehuetenango,Zona 2,78946,+502 5439-1553
990,Sucursal Guatemala 990,Sucursal,Guatemala,Guatemala,Zona 4,97708,+502 5476-9596
991,Sucursal Antigua Guatemala 991,Sucursal,Sacatepéquez,Antigua Guatemala,Zona 4,55513,+502 8329-9698
992,Sucursal Escuintla 992,Sucursal,Escuintla,Escuintla,Zona 1,73340,+502 2055-6422
993,Sucursal Quetzaltenango 993,Sucursal,Quetzaltenango,Quetzaltenango,Zona 4,77275,+502 7362-3946
994,Sucursal Cobán 994,Sucursal,Alta Verapaz,Cobán,Zona 1,63162,+502 6186-2524
995,Sucursal Flores 995,Sucursal,Petén,Flores,Zona 6,49945,+502 3637-8633
996,Sucursal Chiquimula 996,Sucursal,Chiquimula,Chiquimula,Zona 5,79913,+502 4589-2897
997,Sucursal Jutiapa 997,Sucursal,Jutiapa,Jutiapa,Zona 5,87964,+502 4183-2140
998,Sucursal Jalapa 998,Sucursal,Jalapa,Jalapa,Zona 7,82820,+502 7914-5628
999,Sucursal Huehuetenango 999,Sucursal,Huehuetenango,Huehuetenango,Zona 5,28501,+502 9848-1318
1000,Sucursal Guatemala 1000,Sucursal,Guatemala,Guatemala,Zona 10,66335,+502 9536-7362
1001,Sucursal Antigua Guatemala 1001,Sucursal,Sacatepéquez,Antigua Guatemala,Zona 7,36969,+502 4180-1828
1002,Sucursal Escuintla 1002,Sucursal,Escuintla,Escuintla,Zona 4,82036,+502 9004-2425
1003,Sucursal Quetzaltenango 1003,Sucursal,Quetzaltenango,Quetzaltenango,Zona 8,28762,+502 9338-9519
1004,Sucursal Cobán 1004,Sucursal,Alta Verapaz,Cobán,Zona 10,30070,+502 1075-3752
1005,Sucursal Flores 1005,Sucursal,Petén,Flores,Zona 4,84807,+502 7331-3453
1006,Sucursal Chiquimula 1006,Sucursal,Chiquimula,Chiquimula,Zona 3,48322,+502 9853-2062
1007,Sucursal Jutiapa 1007,Sucursal,Jutiapa,Jutiapa,Zona 10,97647,+502 9229-1730
1008,Sucursal Jalapa 1008,Sucursal,Jalapa,Jalapa,Zona 4,77629,+502 2539-9799
1009,Sucursal Huehuetenango 1009,Sucursal,Huehuetenango,Huehuetenango,Zona 2,87243,+502 1039-1333
1010,Sucursal Guatemala 1010,Sucursal,Guatemala,Guatemala,Zona 8,68459,+502 4311-4407
1011,Sucursal Antigua Guatemala 1011,Sucursal,Sacatepéquez,Antigua Guatemala,Zona 3,82343,+502 1092-4463
1012,Sucursal Escuintla 1012,Sucursal,Escuintla,Escuintla,Zona 9,55934,+502 3720-1060
1013,Sucursal Quetzaltenango 1013,Sucursal,Quetzaltenango,Quetzaltenango,Zona 9,50571,+502 9056-9795
1014,Sucursal Cobán 1014,Sucursal,Alta Verapaz,Cobán,Zona 3,50741,+502 9088-3802
1015,Sucursal Flores 1015,Sucursal,Petén,Flores,Zona 6,91020,+502 9637-7856
1016,Sucursal Chiquimula 1016,Sucursal,Chiquimula,Chiquimula,Zona 8,12911,+502 3299-7595
1017,Sucursal Jutiapa 1017,Sucursal,Jutiapa,Jutiapa,Zona 9,67615,+502 7546-3442
1018,Sucursal Jalapa 1018,Sucursal,Jalapa,Jalapa,Zona 3,91677,+502 5458-2709
1019,Sucursal Huehuetenango 1019,Sucursal,Huehuetenango,Huehuetenango,Zona 6,91797,+502 9570-9401
1020,Sucursal Guatemala 1020,Sucursal,Guatemala,Guatemala,Zona 4,92040,+502 5710-6723
1021,Sucursal Antigua Guatemala 1021,Sucursal,Sacatepéquez,Antigua Guatemala,Zona 7,74654,+502 2812-2644
1022,Sucursal Escuintla 1022,Sucursal,Escuintla,Escuintla,Zona 1,35266,+502 7138-4758
1023,Sucursal Quetzaltenango 1023,Sucursal,Quetzaltenango,Quetzaltenango,Zona 8,82453,+502 9860-9171
1024,Sucursal Cobán 1024,Sucursal,Alta Verapaz,Cobán,Zona 9,89105,+502 1508-6514
1025,Sucursal Flores 1025,Sucursal,Petén,Flores,Zona 10,89048,+502 6809-7315
1026,Sucursal Chiquimula 1026,Sucursal,Chiquimula,Chiquimula,Zona 7,40379,+502 1180-6842
1027,Sucursal Jutiapa 1027,Sucursal,Jutiapa,Jutiapa,Zona 9,33706,+502 6296-2044
1028,Sucursal Jalapa 1028,Sucursal,Jalapa,Jalapa,Zona 2,92269,+502 9455-8992
1029,Sucursal Huehuetenango 1029,Sucursal,Huehuetenango,Huehuetenango,Zona 10,32378,+502 2402-8390
1030,Sucursal Guatemala 1030,Sucursal,Guatemala,Guatemala,Zona 5,31899,+502 3763-7172
1031,Sucursal Antigua Guatemala 1031,Sucursal,Sacatepéquez,Antigua Guatemala,Zona 10,20862,+502 8258-7755
1032,Sucursal Escuintla 1032,Sucursal,Escuintla,Escuintla,Zona 8,79443,+502 8427-3400
1033,Sucursal Quetzaltenango 1033,Sucursal,Quetzaltenango,Quetzaltenango,Zona 4,59984,+502 1526-9185
1034,Sucursal Cobán 1034,Sucursal,Alta Verapaz,Cobán,Zona 1,43201,+502 7048-4326
1035,Sucursal Flores 1035,Sucursal,Petén,Flores,Zona 6,59766,+502 8597-9567
1036,Sucursal Chiquimula 1036,Sucursal,Chiquimula,Chiquimula,Zona 10,28825,+502 9060-3344
1037,Sucursal Jutiapa 1037,Sucursal,Jutiapa,Jutiapa,Zona 6,77630,+502 4248-8165
1038,Sucursal Jalapa 1038,Sucursal,Jalapa,Jalapa,Zona 7,85500,+502 7874-2861
1039,Sucursal Huehuetenango 1039,Sucursal,Huehuetenango,Huehuetenango,Zona 1,10120,+502 6860-7439
1040,Sucursal Guatemala 1040,Sucursal,Guatemala,Guatemala,Zona 2,49274,+502 7408-4544
1041,Sucursal Antigua Guatemala 1041,Sucursal,Sacatepéquez,Antigua Guatemala,Zona 5,91391,+502 3977-3255
1042,Sucursal Escuintla 1042,Sucursal,Escuintla,Escuintla,Zona 6,72208,+502 6229-8682
1043,Sucursal Quetzaltenango 1043,Sucursal,Quetzaltenango,Quetzaltenango,Zona 8,83970,+502 8718-7396
1044,Sucursal Cobán 1044,Sucursal,Alta Verapaz,Cobán,Zona 4,13605,+502 8088-8565
1045,Sucursal Flores 1045,Sucursal,Petén,Flores,Zona 7,18958,+502 1990-7641
1046,Sucursal Chiquimula 1046,Sucursal,Chiquimula,Chiquimula,Zona 8,51336,+502 3830-8600
1047,Sucursal Jutiapa 1047,Sucursal,Jutiapa,Jutiapa,Zona 6,53222,+502 8757-2629
1048,Sucursal Jalapa 1048,Sucursal,Jalapa,Jalapa,Zona 7,13637,+502 6020-1621
1049,Sucursal Huehuetenango 1049,Sucursal,Huehuetenango,Huehuetenango,Zona 3,57628,+502 7391-1779
1050,Sucursal Guatemala 1050,Sucursal,Guatemala,Guatemala,Zona 6,39293,+502 4189-7016
1051,Sucursal Antigua Guatemala 1051,Sucursal,Sacatepéquez,Antigua Guatemala,Zona 6,16243,+502 3070-2826
1052,Sucursal Escuintla 1052,Sucursal,Escuintla,Escuintla,Zona 2,26863,+502 4893-8302
1053,Sucursal Quetzaltenango 1053,Sucursal,Quetzaltenango,Quetzaltenango,Zona 3,90048,+502 2621-4738
1054,Sucursal Cobán 1054,Sucursal,Alta Verapaz,Cobán,Zona 1,78454,+502 6284-2374
1055,Sucursal Flores 1055,Sucursal,Petén,Flores,Zona 8,41241,+502 2047-8415
1056,Sucursal Chiquimula 1056,Sucursal,Chiquimula,Chiquimula,Zona 5,36458,+502 2468-2459
1057,Sucursal Jutiapa 1057,Sucursal,Jutiapa,Jutiapa,Zona 4,82764,+502 6427-2603
1058,Sucursal Jalapa 1058,Sucursal,Jalapa,Jalapa,Zona 5,13015,+502 1221-3744
1059,Sucursal Huehuetenango 1059,Sucursal,Huehuetenango,Huehuetenango,Zona 4,60061,+502 6140-1412
1060,Sucursal Guatemala 1060,Sucursal,Guatemala,Guatemala,Zona 2,59339,+502 9090-9721
1061,Sucursal Antigua Guatemala 1061,Sucursal,Sacatepéquez,Antigua Guatemala,Zona 6,65390,+502 9561-1817
1062,Sucursal Escuintla 1062,Sucursal,Escuintla,Escuintla,Zona 2,62675,+502 1810-4874
1063,Sucursal Quetzaltenango 1063,Sucursal,Quetzaltenango,Quetzaltenango,Zona 5,37546,+502 7449-7391
1064,Sucursal Cobán 1064,Sucursal,Alta Verapaz,Cobán,Zona 8,69100,+502 4325-4429
1065,Sucursal Flores 1065,Sucursal,Petén,Flores,Zona 4,42170,+502 5411-2972
1066,Sucursal Chiquimula 1066,Sucursal,Chiquimula,Chiquimula,Zona 3,97521,+502 9082-1133
1067,Sucursal Jutiapa 1067,Sucursal,Jutiapa,Jutiapa,Zona 1,50429,+502 1157-3861
1068,Sucursal Jalapa 1068,Sucursal,Jalapa,Jalapa,Zona 6,58320,+502 7092-8920
1069,Sucursal Huehuetenango 1069,Sucursal,Huehuetenango,Huehuetenango,Zona 4,28120,+502 1407-4614
1070,Sucursal Guatemala 1070,Sucursal,Guatemala,Guatemala,Zona 4,55153,+502 2896-7661
1071,Sucursal Antigua Guatemala 1071,Sucursal,Sacatepéquez,Antigua Guatemala,Zona 10,60660,+502 1997-6155
1072,Sucursal Escuintla 1072,Sucursal,Escuintla,Escuintla,Zona 6,68661,+502 9565-8598
1073,Sucursal Quetzaltenango 1073,Sucursal,Quetzaltenango,Quetzaltenango,Zona 7,86784,+502 3796-7238
1074,Sucursal Cobán 1074,Sucursal,Alta Verapaz,Cobán,Zona 4,11630,+502 7489-9607
1075,Sucursal Flores 1075,Sucursal,Petén,Flores,Zona 2,40238,+502 4098-2672
1076,Sucursal Chiquimula 1076,Sucursal,Chiquimula,Chiquimula,Zona 7,49442,+502 9678-8545
1077,Sucursal Jutiapa 1077,Sucursal,Jutiapa,Jutiapa,Zona 5,53254,+502 6413-5614
1078,Sucursal Jalapa 1078,Sucursal,Jalapa,Jalapa,Zona 10,71005,+502 6100-3555
1079,Sucursal Huehuetenango 1079,Sucursal,Huehuetenango,Huehuetenango,Zona 10,80992,+502 6243-9926
1080,Sucursal Guatemala 1080,Sucursal,Guatemala,Guatemala,Zona 5,29035,+502 6736-7988
1081,Sucursal Antigua Guatemala 1081,Sucursal,Sacatepéquez,Antigua Guatemala,Zona 4,59693,+502 5860-3221
1082,Sucursal Escuintla 1082,Sucursal,Escuintla,Escuintla,Zona 8,63835,+502 2327-3738
1083,Sucursal Quetzaltenango 1083,Sucursal,Quetzaltenango,Quetzaltenango,Zona 5,78224,+502 7177-1798
1084,Sucursal Cobán 1084,Sucursal,Alta Verapaz,Cobán,Zona 2,66174,+502 1911-9291
1085,Sucursal Flores 1085,Sucursal,Petén,Flores,Zona 1,31884,+502 7416-5643
1086,Sucursal Chiquimula 1086,Sucursal,Chiquimula,Chiquimula,Zona 2,10316,+502 3064-4367
1087,Sucursal Jutiapa 1087,Sucursal,Jutiapa,Jutiapa,Zona 8,42895,+502 7324-5798
1088,Sucursal Jalapa 1088,Sucursal,Jalapa,Jalapa,Zona 4,19357,+502 5463-2297
1089,Sucursal Huehuetenango 1089,Sucursal,Huehuetenango,Huehuetenango,Zona 3,56029,+502 8070-7058
1090,Sucursal Guatemala 1090,Sucursal,Guatemala,Guatemala,Zona 4,82170,+502 5862-3124
1091,Sucursal Antigua Guatemala 1091,Sucursal,Sacatepéquez,Antigua Guatemala,Zona 10,64700,+502 7184-3824
1092,Sucursal Escuintla 1092,Sucursal,Escuintla,Escuintla,Zona 2,99358,+502 4195-7133
1093,Sucursal Quetzaltenango 1093,Sucursal,Quetzaltenango,Quetzaltenango,Zona 3,65641,+502 5194-2021
1094,Sucursal Cobán 1094,Sucursal,Alta Verapaz,Cobán,Zona 8,30933,+502 5458-4924
1095,Sucursal Flores 1095,Sucursal,Petén,Flores,Zona 2,99618,+502 2034-8780
1096,Sucursal Chiquimula 1096,Sucursal,Chiquimula,Chiquimula,Zona 7,71359,+502 9455-7146
1097,Sucursal Jutiapa 1097,Sucursal,Jutiapa,Jutiapa,Zona 4,19740,+502 1310-3656
1098,Sucursal Jalapa 1098,Sucursal,Jalapa,Jalapa,Zona 6,26326,+502 9837-7367
1099,Sucursal Huehuetenango 1099,Sucursal,Huehuetenango,Huehuetenango,Zona 10,54829,+502 6223-1545
1100,Sucursal Guatemala 1100,Sucursal,Guatemala,Guatemala,Zona 10,60238,+502 2026-2086
1,Agencia Antigua Guatemala 1,Agencia,Sacatepéquez,Antigua Guatemala,Zona 4,86649,+502 7728-7370
2,Agencia Escuintla 2,Agencia,Escuintla,Escuintla,Zona 4,35283,+502 8826-3880
3,Agencia Quetzaltenango 3,Agencia,Quetzaltenango,Quetzaltenango,Zona 2,26043,+502 7967-9763
4,Agencia Cobán 4,Agencia,Alta Verapaz,Cobán,Zona 10,34768,+502 6818-8332
5,Agencia Flores 5,Agencia,Petén,Flores,Zona 7,44172,+502 6058-5529
6,Agencia Chiquimula 6,Agencia,Chiquimula,Chiquimula,Zona 5,83482,+502 5277-1918
7,Agencia Jutiapa 7,Agencia,Jutiapa,Jutiapa,Zona 9,30334,+502 2051-4781
8,Agencia Jalapa 8,Agencia,Jalapa,Jalapa,Zona 3,87639,+502 5803-6711
9,Agencia Huehuetenango 9,Agencia,Huehuetenango,Huehuetenango,Zona 9,99604,+502 4576-7935
10,Agencia Guatemala 10,Agencia,Guatemala,Guatemala,Zona 8,39826,+502 4409-9254
11,Agencia Antigua Guatemala 11,Agencia,Sacatepéquez,Antigua Guatemala,Zona 1,85710,+502 4720-4680
12,Agencia Escuintla 12,Agencia,Escuintla,Escuintla,Zona 9,34193,+502 8053-4231
13,Agencia Quetzaltenango 13,Agencia,Quetzaltenango,Quetzaltenango,Zona 9,77383,+502 7862-4824
14,Agencia Cobán 14,Agencia,Alta Verapaz,Cobán,Zona 4,57271,+502 7057-2833
15,Agencia Flores 15,Agencia,Petén,Flores,Zona 6,70996,+502 4192-2058
16,Agencia Chiquimula 16,Agencia,Chiquimula,Chiquimula,Zona 2,92977,+502 2333-5820
17,Agencia Jutiapa 17,Agencia,Jutiapa,Jutiapa,Zona 2,62829,+502 8146-2769
18,Agencia Jalapa 18,Agencia,Jalapa,Jalapa,Zona 7,23133,+502 6231-9233
19,Agencia Huehuetenango 19,Agencia,Huehuetenango,Huehuetenango,Zona 10,10191,+502 1038-3083
20,Agencia Guatemala 20,Agencia,Guatemala,Guatemala,Zona 4,98994,+502 4354-9452
21,Agencia Antigua Guatemala 21,Agencia,Sacatepéquez,Antigua Guatemala,Zona 7,27638,+502 8908-7759
22,Agencia Escuintla 22,Agencia,Escuintla,Escuintla,Zona 5,87836,+502 5329-9924
23,Agencia Quetzaltenango 23,Agencia,Quetzaltenango,Quetzaltenango,Zona 7,29964,+502 1672-6983
24,Agencia Cobán 24,Agencia,Alta Verapaz,Cobán,Zona 5,54046,+502 9966-1634
25,Agencia Flores 25,Agencia,Petén,Flores,Zona 8,58836,+502 7301-2581
26,Agencia Chiquimula 26,Agencia,Chiquimula,Chiquimula,Zona 10,45464,+502 5687-4502
27,Agencia Jutiapa 27,Agencia,Jutiapa,Jutiapa,Zona 6,61636,+502 4802-1817
28,Agencia Jalapa 28,Agencia,Jalapa,Jalapa,Zona 4,22209,+502 9506-3582
29,Agencia Huehuetenango 29,Agencia,Huehuetenango,Huehuetenango,Zona 1,71700,+502 7487-8716
30,Agencia Guatemala 30,Agencia,Guatemala,Guatemala,Zona 3,25911,+502 5729-9277
31,Agencia Antigua Guatemala 31,Agencia,Sacatepéquez,Antigua Guatemala,Zona 4,15575,+502 4507-7080
32,Agencia Escuintla 32,Agencia,Escuintla,Escuintla,Zona 4,71820,+502 2388-5522
33,Agencia Quetzaltenango 33,Agencia,Quetzaltenango,Quetzaltenango,Zona 1,66468,+502 5620-9414
34,Agencia Cobán 34,Agencia,Alta Verapaz,Cobán,Zona 1,15580,+502 8077-6624
35,Agencia Flores 35,Agencia,Petén,Flores,Zona 1,49159,+502 6571-3663
36,Agencia Chiquimula 36,Agencia,Chiquimula,Chiquimula,Zona 6,70987,+502 7502-2871
37,Agencia Jutiapa 37,Agencia,Jutiapa,Jutiapa,Zona 2,63125,+502 9803-7328
38,Agencia Jalapa 38,Agencia,Jalapa,Jalapa,Zona 2,39561,+502 4825-9675
39,Agencia Huehuetenango 39,Agencia,Huehuetenango,Huehuetenango,Zona 2,76011,+502 2618-6257
40,Agencia Guatemala 40,Agencia,Guatemala,Guatemala,Zona 1,24959,+502 1002-9585
41,Agencia Antigua Guatemala 41,Agencia,Sacatepéquez,Antigua Guatemala,Zona 4,56130,+502 2377-4536
42,Agencia Escuintla 42,Agencia,Escuintla,Escuintla,Zona 1,24608,+502 4070-4520
43,Agencia Quetzaltenango 43,Agencia,Quetzaltenango,Quetzaltenango,Zona 1,52796,+502 1142-7001
44,Agencia Cobán 44,Agencia,Alta Verapaz,Cobán,Zona 4,54951,+502 5947-9579
45,Agencia Flores 45,Agencia,Petén,Flores,Zona 8,66136,+502 4826-3124
46,Agencia Chiquimula 46,Agencia,Chiquimula,Chiquimula,Zona 3,43402,+502 8082-5919
47,Agencia Jutiapa 47,Agencia,Jutiapa,Jutiapa,Zona 4,32916,+502 7853-4897
48,Agencia Jalapa 48,Agencia,Jalapa,Jalapa,Zona 3,91376,+502 8621-8430
49,Agencia Huehuetenango 49,Agencia,Huehuetenango,Huehuetenango,Zona 9,65885,+502 1879-7073
50,Agencia Guatemala 50,Agencia,Guatemala,Guatemala,Zona 10,37758,+502 1216-3709
51,Agencia Antigua Guatemala 51,Agencia,Sacatepéquez,Antigua Guatemala,Zona 4,59399,+502 8318-3368
52,Agencia Escuintla 52,Agencia,Escuintla,Escuintla,Zona 3,82239,+502 4556-8876
53,Agencia Quetzaltenango 53,Agencia,Quetzaltenango,Quetzaltenango,Zona 4,18736,+502 5110-3705
54,Agencia Cobán 54,Agencia,Alta Verapaz,Cobán,Zona 10,45158,+502 7814-6406
55,Agencia Flores 55,Agencia,Petén,Flores,Zona 3,93256,+502 8356-6650
56,Agencia Chiquimula 56,Agencia,Chiquimula,Chiquimula,Zona 5,20479,+502 2630-3700
57,Agencia Jutiapa 57,Agencia,Jutiapa,Jutiapa,Zona 10,85616,+502 3236-1950
58,Agencia Jalapa 58,Agencia,Jalapa,Jalapa,Zona 8,57519,+502 3662-5107
59,Agencia Huehuetenango 59,Agencia,Huehuetenango,Huehuetenango,Zona 8,89806,+502 7823-1061
60,Agencia Guatemala 60,Agencia,Guatemala,Guatemala,Zona 6,52914,+502 3774-5184
61,Agencia Antigua Guatemala 61,Agencia,Sacatepéquez,Antigua Guatemala,Zona 4,73302,+502 5086-9990
62,Agencia Escuintla 62,Agencia,Escuintla,Escuintla,Zona 8,88311,+502 6291-6511
63,Agencia Quetzaltenango 63,Agencia,Quetzaltenango,Quetzaltenango,Zona 6,77479,+502 4584-1997
64,Agencia Cobán 64,Agencia,Alta Verapaz,Cobán,Zona 7,84348,+502 7677-2225
65,Agencia Flores 65,Agencia,Petén,Flores,Zona 5,17285,+502 6950-7568
66,Agencia Chiquimula 66,Agencia,Chiquimula,Chiquimula,Zona 10,24777,+502 3370-2025
67,Agencia Jutiapa 67,Agencia,Jutiapa,Jutiapa,Zona 9,92786,+502 5827-9819
68,Agencia Jalapa 68,Agencia,Jalapa,Jalapa,Zona 9,59983,+502 7461-3988
69,Agencia Huehuetenango 69,Agencia,Huehuetenango,Huehuetenango,Zona 8,59930,+502 3677-2468
70,Agencia Guatemala 70,Agencia,Guatemala,Guatemala,Zona 8,38996,+502 6672-6912
71,Agencia Antigua Guatemala 71,Agencia,Sacatepéquez,Antigua Guatemala,Zona 1,82272,+502 1749-1902
72,Agencia Escuintla 72,Agencia,Escuintla,Escuintla,Zona 9,13543,+502 8883-3218
73,Agencia Quetzaltenango 73,Agencia,Quetzaltenango,Quetzaltenango,Zona 10,30832,+502 1466-5515
74,Agencia Cobán 74,Agencia,Alta Verapaz,Cobán,Zona 5,49225,+502 2430-8355
75,Agencia Flores 75,Agencia,Petén,Flores,Zona 6,37943,+502 8590-1477
76,Agencia Chiquimula 76,Agencia,Chiquimula,Chiquimula,Zona 9,16669,+502 8450-1113
77,Agencia Jutiapa 77,Agencia,Jutiapa,Jutiapa,Zona 9,20932,+502 5733-2543
78,Agencia Jalapa 78,Agencia,Jalapa,Jalapa,Zona 10,24257,+502 2773-8148
79,Agencia Huehuetenango 79,Agencia,Huehuetenango,Huehuetenango,Zona 7,59226,+502 2228-8863
80,Agencia Guatemala 80,Agencia,Guatemala,Guatemala,Zona 4,22985,+502 9449-1853
81,Agencia Antigua Guatemala 81,Agencia,Sacatepéquez,Antigua Guatemala,Zona 8,99464,+502 2412-4035
82,Agencia Escuintla 82,Agencia,Escuintla,Escuintla,Zona 10,55517,+502 1692-5410
83,Agencia Quetzaltenango 83,Agencia,Quetzaltenango,Quetzaltenango,Zona 3,66841,+502 4597-3543
84,Agencia Cobán 84,Agencia,Alta Verapaz,Cobán,Zona 3,44702,+502 4684-4588
85,Agencia Flores 85,Agencia,Petén,Flores,Zona 4,72926,+502 4175-9574
86,Agencia Chiquimula 86,Agencia,Chiquimula,Chiquimula,Zona 8,77128,+502 1359-3755
87,Agencia Jutiapa 87,Agencia,Jutiapa,Jutiapa,Zona 4,45760,+502 7396-2868
88,Agencia Jalapa 88,Agencia,Jalapa,Jalapa,Zona 7,35783,+502 9471-4120
89,Agencia Huehuetenango 89,Agencia,Huehuetenango,Huehuetenango,Zona 8,77268,+502 7440-7349
90,Agencia Guatemala 90,Agencia,Guatemala,Guatemala,Zona 1,62949,+502 7564-1591
91,Agencia Antigua Guatemala 91,Agencia,Sacatepéquez,Antigua Guatemala,Zona 7,51602,+502 5892-2535
92,Agencia Escuintla 92,Agencia,Escuintla,Escuintla,Zona 1,85732,+502 8000-4748
93,Agencia Quetzaltenango 93,Agencia,Quetzaltenango,Quetzaltenango,Zona 1,32788,+502 9040-5387
94,Agencia Cobán 94,Agencia,Alta Verapaz,Cobán,Zona 8,48588,+502 3163-1264
95,Agencia Flores 95,Agencia,Petén,Flores,Zona 4,97824,+502 9925-2362
96,Agencia Chiquimula 96,Agencia,Chiquimula,Chiquimula,Zona 7,51498,+502 6932-4273
97,Agencia Jutiapa 97,Agencia,Jutiapa,Jutiapa,Zona 8,70768,+502 5914-6584
98,Agencia Jalapa 98,Agencia,Jalapa,Jalapa,Zona 10,54904,+502 7757-8352
99,Agencia Huehuetenango 99,Agencia,Huehuetenango,Huehuetenango,Zona 1,61279,+502 5895-2949
100,Agencia Guatemala 100,Agencia,Guatemala,Guatemala,Zona 8,48463,+502 9164-9036
101,Agencia Antigua Guatemala 101,Agencia,Sacatepéquez,Antigua Guatemala,Zona 9,98579,+502 9703-1530
102,Agencia Escuintla 102,Agencia,Escuintla,Escuintla,Zona 6,51397,+502 8221-4207
103,Agencia Quetzaltenango 103,Agencia,Quetzaltenango,Quetzaltenango,Zona 9,66513,+502 2565-7108
104,Agencia Cobán 104,Agencia,Alta Verapaz,Cobán,Zona 6,46572,+502 5312-6573
105,Agencia Flores 105,Agencia,Petén,Flores,Zona 1,62640,+502 2994-9968
106,Agencia Chiquimula 106,Agencia,Chiquimula,Chiquimula,Zona 6,31979,+502 2283-2973
107,Agencia Jutiapa 107,Agencia,Jutiapa,Jutiapa,Zona 1,72199,+502 2413-8428
108,Agencia Jalapa 108,Agencia,Jalapa,Jalapa,Zona 5,75526,+502 7384-7005
109,Agencia Huehuetenango 109,Agencia,Huehuetenango,Huehuetenango,Zona 8,60422,+502 9080-7809
110,Agencia Guatemala 110,Agencia,Guatemala,Guatemala,Zona 4,10061,+502 6916-4013
111,Agencia Antigua Guatemala 111,Agencia,Sacatepéquez,Antigua Guatemala,Zona 5,33952,+502 5451-8020
112,Agencia Escuintla 112,Agencia,Escuintla,Escuintla,Zona 10,61821,+502 9819-5061
113,Agencia Quetzaltenango 113,Agencia,Quetzaltenango,Quetzaltenango,Zona 7,87388,+502 3465-9736
114,Agencia Cobán 114,Agencia,Alta Verapaz,Cobán,Zona 6,99663,+502 2675-5673
115,Agencia Flores 115,Agencia,Petén,Flores,Zona 9,80706,+502 1523-5102
116,Agencia Chiquimula 116,Agencia,Chiquimula,Chiquimula,Zona 5,10968,+502 1040-4693
117,Agencia Jutiapa 117,Agencia,Jutiapa,Jutiapa,Zona 6,91685,+502 2051-4483
118,Agencia Jalapa 118,Agencia,Jalapa,Jalapa,Zona 1,15022,+502 7015-6652
119,Agencia Huehuetenango 119,Agencia,Huehuetenango,Huehuetenango,Zona 1,25891,+502 8943-3759
120,Agencia Guatemala 120,Agencia,Guatemala,Guatemala,Zona 2,81879,+502 4830-3097
121,Agencia Antigua Guatemala 121,Agencia,Sacatepéquez,Antigua Guatemala,Zona 8,57279,+502 3379-2337
122,Agencia Escuintla 122,Agencia,Escuintla,Escuintla,Zona 2,35683,+502 3113-4918
123,Agencia Quetzaltenango 123,Agencia,Quetzaltenango,Quetzaltenango,Zona 4,32960,+502 1607-1257
124,Agencia Cobán 124,Agencia,Alta Verapaz,Cobán,Zona 9,36264,+502 6578-9001
125,Agencia Flores 125,Agencia,Petén,Flores,Zona 7,29652,+502 2700-1188
126,Agencia Chiquimula 126,Agencia,Chiquimula,Chiquimula,Zona 4,17546,+502 7991-2815
127,Agencia Jutiapa 127,Agencia,Jutiapa,Jutiapa,Zona 5,75299,+502 9872-2788
128,Agencia Jalapa 128,Agencia,Jalapa,Jalapa,Zona 8,34698,+502 2076-2314
129,Agencia Huehuetenango 129,Agencia,Huehuetenango,Huehuetenango,Zona 5,41687,+502 9528-6427
130,Agencia Guatemala 130,Agencia,Guatemala,Guatemala,Zona 2,14878,+502 6308-6462
131,Agencia Antigua Guatemala 131,Agencia,Sacatepéquez,Antigua Guatemala,Zona 1,42541,+502 3309-2608
132,Agencia Escuintla 132,Agencia,Escuintla,Escuintla,Zona 6,17481,+502 5941-7434
133,Agencia Quetzaltenango 133,Agencia,Quetzaltenango,Quetzaltenango,Zona 5,38582,+502 5349-3384
134,Agencia Cobán 134,Agencia,Alta Verapaz,Cobán,Zona 2,68945,+502 4837-1332
135,Agencia Flores 135,Agencia,Petén,Flores,Zona 2,17915,+502 9813-8805
136,Agencia Chiquimula 136,Agencia,Chiquimula,Chiquimula,Zona 4,53018,+502 2498-7703
137,Agencia Jutiapa 137,Agencia,Jutiapa,Jutiapa,Zona 1,89507,+502 5984-7489
138,Agencia Jalapa 138,Agencia,Jalapa,Jalapa,Zona 2,75911,+502 8020-5473
139,Agencia Huehuetenango 139,Agencia,Huehuetenango,Huehuetenango,Zona 4,90466,+502 9684-6109
140,Agencia Guatemala 140,Agencia,Guatemala,Guatemala,Zona 4,78720,+502 6532-1195
141,Agencia Antigua Guatemala 141,Agencia,Sacatepéquez,Antigua Guatemala,Zona 8,59841,+502 4280-9924
142,Agencia Escuintla 142,Agencia,Escuintla,Escuintla,Zona 8,79618,+502 3141-8833
143,Agencia Quetzaltenango 143,Agencia,Quetzaltenango,Quetzaltenango,Zona 7,67281,+502 8126-9723
144,Agencia Cobán 144,Agencia,Alta Verapaz,Cobán,Zona 9,15270,+502 7211-1794
145,Agencia Flores 145,Agencia,Petén,Flores,Zona 10,10433,+502 1602-8394
146,Agencia Chiquimula 146,Agencia,Chiquimula,Chiquimula,Zona 4,88913,+502 3699-2739
147,Agencia Jutiapa 147,Agencia,Jutiapa,Jutiapa,Zona 4,27283,+502 7170-5297
148,Agencia Jalapa 148,Agencia,Jalapa,Jalapa,Zona 1,45282,+502 1404-7789
149,Agencia Huehuetenango 149,Agencia,Huehuetenango,Huehuetenango,Zona 3,26615,+502 6768-8960
150,Agencia Guatemala 150,Agencia,Guatemala,Guatemala,Zona 8,93421,+502 2703-1732
151,Agencia Antigua Guatemala 151,Agencia,Sacatepéquez,Antigua Guatemala,Zona 10,81776,+502 9411-7286
152,Agencia Escuintla 152,Agencia,Escuintla,Escuintla,Zona 4,13840,+502 7432-2695
153,Agencia Quetzaltenango 153,Agencia,Quetzaltenango,Quetzaltenango,Zona 10,40523,+502 4431-8847
154,Agencia Cobán 154,Agencia,Alta Verapaz,Cobán,Zona 2,51244,+502 2314-7089
155,Agencia Flores 155,Agencia,Petén,Flores,Zona 4,73351,+502 4560-2340
156,Agencia Chiquimula 156,Agencia,Chiquimula,Chiquimula,Zona 4,80853,+502 7982-9942
157,Agencia Jutiapa 157,Agencia,Jutiapa,Jutiapa,Zona 10,33758,+502 3856-7706
158,Agencia Jalapa 158,Agencia,Jalapa,Jalapa,Zona 10,19312,+502 3122-5471
159,Agencia Huehuetenango 159,Agencia,Huehuetenango,Huehuetenango,Zona 5,53569,+502 2131-6194
160,Agencia Guatemala 160,Agencia,Guatemala,Guatemala,Zona 4,56462,+502 7218-7840
161,Agencia Antigua Guatemala 161,Agencia,Sacatepéquez,Antigua Guatemala,Zona 6,13185,+502 9520-3258
162,Agencia Escuintla 162,Agencia,Escuintla,Escuintla,Zona 10,20538,+502 7175-8855
163,Agencia Quetzaltenango 163,Agencia,Quetzaltenango,Quetzaltenango,Zona 8,52632,+502 7260-7348
164,Agencia Cobán 164,Agencia,Alta Verapaz,Cobán,Zona 9,85389,+502 6765-5899
165,Agencia Flores 165,Agencia,Petén,Flores,Zona 3,26909,+502 1859-5193
166,Agencia Chiquimula 166,Agencia,Chiquimula,Chiquimula,Zona 4,90247,+502 4314-6943
167,Agencia Jutiapa 167,Agencia,Jutiapa,Jutiapa,Zona 6,40035,+502 5636-1192
168,Agencia Jalapa 168,Agencia,Jalapa,Jalapa,Zona 6,27360,+502 8172-8570
169,Agencia Huehuetenango 169,Agencia,Huehuetenango,Huehuetenango,Zona 2,62329,+502 9193-3937
170,Agencia Guatemala 170,Agencia,Guatemala,Guatemala,Zona 1,19209,+502 7173-2779
171,Agencia Antigua Guatemala 171,Agencia,Sacatepéquez,Antigua Guatemala,Zona 5,33231,+502 6385-6285
172,Agencia Escuintla 172,Agencia,Escuintla,Escuintla,Zona 8,68517,+502 4397-7200
173,Agencia Quetzaltenango 173,Agencia,Quetzaltenango,Quetzaltenango,Zona 8,97442,+502 8390-2090
174,Agencia Cobán 174,Agencia,Alta Verapaz,Cobán,Zona 3,95189,+502 9647-1890
175,Agencia Flores 175,Agencia,Petén,Flores,Zona 1,79745,+502 7013-5765
176,Agencia Chiquimula 176,Agencia,Chiquimula,Chiquimula,Zona 1,29836,+502 2595-1452
177,Agencia Jutiapa 177,Agencia,Jutiapa,Jutiapa,Zona 3,47885,+502 7023-1985
178,Agencia Jalapa 178,Agencia,Jalapa,Jalapa,Zona 5,55510,+502 8296-7151
179,Agencia Huehuetenango 179,Agencia,Huehuetenango,Huehuetenango,Zona 3,90154,+502 4584-6561
180,Agencia Guatemala 180,Agencia,Guatemala,Guatemala,Zona 4,63455,+502 5160-9442
181,Agencia Antigua Guatemala 181,Agencia,Sacatepéquez,Antigua Guatemala,Zona 8,66262,+502 7154-8502
182,Agencia Escuintla 182,Agencia,Escuintla,Escuintla,Zona 9,51198,+502 1164-2571
183,Agencia Quetzaltenango 183,Agencia,Quetzaltenango,Quetzaltenango,Zona 7,56028,+502 7369-3512
184,Agencia Cobán 184,Agencia,Alta Verapaz,Cobán,Zona 8,51011,+502 3070-3137
185,Agencia Flores 185,Agencia,Petén,Flores,Zona 5,15740,+502 2187-4672
186,Agencia Chiquimula 186,Agencia,Chiquimula,Chiquimula,Zona 2,21676,+502 3969-6693
187,Agencia Jutiapa 187,Agencia,Jutiapa,Jutiapa,Zona 10,15349,+502 2437-9866
188,Agencia Jalapa 188,Agencia,Jalapa,Jalapa,Zona 10,53512,+502 3449-3121
189,Agencia Huehuetenango 189,Agencia,Huehuetenango,Huehuetenango,Zona 1,55230,+502 2091-3630
190,Agencia Guatemala 190,Agencia,Guatemala,Guatemala,Zona 6,19722,+502 1734-4641
191,Agencia Antigua Guatemala 191,Agencia,Sacatepéquez,Antigua Guatemala,Zona 6,94722,+502 1153-9313
192,Agencia Escuintla 192,Agencia,Escuintla,Escuintla,Zona 6,61055,+502 5508-4003
193,Agencia Quetzaltenango 193,Agencia,Quetzaltenango,Quetzaltenango,Zona 1,20738,+502 5270-6119
194,Agencia Cobán 194,Agencia,Alta Verapaz,Cobán,Zona 2,25356,+502 2230-3684
195,Agencia Flores 195,Agencia,Petén,Flores,Zona 3,64649,+502 4679-1094
196,Agencia Chiquimula 196,Agencia,Chiquimula,Chiquimula,Zona 10,17619,+502 5048-9447
197,Agencia Jutiapa 197,Agencia,Jutiapa,Jutiapa,Zona 10,20301,+502 8820-6565
198,Agencia Jalapa 198,Agencia,Jalapa,Jalapa,Zona 3,52130,+502 7842-4489
199,Agencia Huehuetenango 199,Agencia,Huehuetenango,Huehuetenango,Zona 1,62474,+502 6931-1350
200,Agencia Guatemala 200,Agencia,Guatemala,Guatemala,Zona 6,50444,+502 8210-7968
201,Agencia Antigua Guatemala 201,Agencia,Sacatepéquez,Antigua Guatemala,Zona 6,59717,+502 4869-6597
202,Agencia Escuintla 202,Agencia,Escuintla,Escuintla,Zona 2,56073,+502 6268-5087
203,Agencia Quetzaltenango 203,Agencia,Quetzaltenango,Quetzaltenango,Zona 2,70959,+502 3047-2473
204,Agencia Cobán 204,Agencia,Alta Verapaz,Cobán,Zona 5,41485,+502 1719-7048
205,Agencia Flores 205,Agencia,Petén,Flores,Zona 1,90969,+502 5137-2563
206,Agencia Chiquimula 206,Agencia,Chiquimula,Chiquimula,Zona 10,48298,+502 8517-6583
207,Agencia Jutiapa 207,Agencia,Jutiapa,Jutiapa,Zona 10,25613,+502 7705-9337
208,Agencia Jalapa 208,Agencia,Jalapa,Jalapa,Zona 4,66790,+502 9005-3610
209,Agencia Huehuetenango 209,Agencia,Huehuetenango,Huehuetenango,Zona 7,63833,+502 7619-9715
210,Agencia Guatemala 210,Agencia,Guatemala,Guatemala,Zona 8,51202,+502 5742-7718
211,Agencia Antigua Guatemala 211,Agencia,Sacatepéquez,Antigua Guatemala,Zona 8,96941,+502 9005-5929
212,Agencia Escuintla 212,Agencia,Escuintla,Escuintla,Zona 9,76832,+502 9271-4457
213,Agencia Quetzaltenango 213,Agencia,Quetzaltenango,Quetzaltenango,Zona 2,47067,+502 9654-7777
214,Agencia Cobán 214,Agencia,Alta Verapaz,Cobán,Zona 1,19305,+502 6419-4215
215,Agencia Flores 215,Agencia,Petén,Flores,Zona 5,15866,+502 1208-1508
216,Agencia Chiquimula 216,Agencia,Chiquimula,Chiquimula,Zona 9,23285,+502 7864-1100
217,Agencia Jutiapa 217,Agencia,Jutiapa,Jutiapa,Zona 2,68122,+502 9413-1970
218,Agencia Jalapa 218,Agencia,Jalapa,Jalapa,Zona 3,94937,+502 2995-1109
219,Agencia Huehuetenango 219,Agencia,Huehuetenango,Huehuetenango,Zona 9,55067,+502 6566-2916
220,Agencia Guatemala 220,Agencia,Guatemala,Guatemala,Zona 8,77698,+502 6999-3715
221,Agencia Antigua Guatemala 221,Agencia,Sacatepéquez,Antigua Guatemala,Zona 9,23064,+502 7707-3233
222,Agencia Escuintla 222,Agencia,Escuintla,Escuintla,Zona 4,48048,+502 3052-1464
223,Agencia Quetzaltenango 223,Agencia,Quetzaltenango,Quetzaltenango,Zona 5,91692,+502 4085-2531
224,Agencia Cobán 224,Agencia,Alta Verapaz,Cobán,Zona 10,92066,+502 4901-5566
225,Agencia Flores 225,Agencia,Petén,Flores,Zona 2,43719,+502 7269-1489
226,Agencia Chiquimula 226,Agencia,Chiquimula,Chiquimula,Zona 1,87214,+502 1527-4598
227,Agencia Jutiapa 227,Agencia,Jutiapa,Jutiapa,Zona 5,86805,+502 1070-6096
228,Agencia Jalapa 228,Agencia,Jalapa,Jalapa,Zona 6,85819,+502 5026-9138
229,Agencia Huehuetenango 229,Agencia,Huehuetenango,Huehuetenango,Zona 3,79485,+502 2355-3727
230,Agencia Guatemala 230,Agencia,Guatemala,Guatemala,Zona 9,57563,+502 2421-8425
231,Agencia Antigua Guatemala 231,Agencia,Sacatepéquez,Antigua Guatemala,Zona 3,70858,+502 3620-6098
232,Agencia Escuintla 232,Agencia,Escuintla,Escuintla,Zona 3,64721,+502 8444-6026
233,Agencia Quetzaltenango 233,Agencia,Quetzaltenango,Quetzaltenango,Zona 5,14488,+502 5737-4435
234,Agencia Cobán 234,Agencia,Alta Verapaz,Cobán,Zona 10,53184,+502 3384-1279
235,Agencia Flores 235,Agencia,Petén,Flores,Zona 7,35251,+502 2404-1397
236,Agencia Chiquimula 236,Agencia,Chiquimula,Chiquimula,Zona 10,85551,+502 7979-3083
237,Agencia Jutiapa 237,Agencia,Jutiapa,Jutiapa,Zona 1,19713,+502 9784-4150
238,Agencia Jalapa 238,Agencia,Jalapa,Jalapa,Zona 6,43634,+502 7989-9217
239,Agencia Huehuetenango 239,Agencia,Huehuetenango,Huehuetenango,Zona 10,11414,+502 1763-1081
240,Agencia Guatemala 240,Agencia,Guatemala,Guatemala,Zona 8,17370,+502 7019-8744
241,Agencia Antigua Guatemala 241,Agencia,Sacatepéquez,Antigua Guatemala,Zona 7,50574,+502 3466-1244
242,Agencia Escuintla 242,Agencia,Escuintla,Escuintla,Zona 10,54715,+502 3361-6421
243,Agencia Quetzaltenango 243,Agencia,Quetzaltenango,Quetzaltenango,Zona 10,82733,+502 7961-6832
244,Agencia Cobán 244,Agencia,Alta Verapaz,Cobán,Zona 1,67438,+502 9750-1594
245,Agencia Flores 245,Agencia,Petén,Flores,Zona 3,69629,+502 9106-2097
246,Agencia Chiquimula 246,Agencia,Chiquimula,Chiquimula,Zona 9,54809,+502 1092-3769
247,Agencia Jutiapa 247,Agencia,Jutiapa,Jutiapa,Zona 4,31758,+502 3829-4368
248,Agencia Jalapa 248,Agencia,Jalapa,Jalapa,Zona 2,78307,+502 3241-8629
249,Agencia Huehuetenango 249,Agencia,Huehuetenango,Huehuetenango,Zona 3,68967,+502 5253-6017
250,Agencia Guatemala 250,Agencia,Guatemala,Guatemala,Zona 5,71308,+502 3619-9398
251,Agencia Antigua Guatemala 251,Agencia,Sacatepéquez,Antigua Guatemala,Zona 8,74466,+502 7854-7501
252,Agencia Escuintla 252,Agencia,Escuintla,Escuintla,Zona 8,92048,+502 5869-6959
253,Agencia Quetzaltenango 253,Agencia,Quetzaltenango,Quetzaltenango,Zona 6,15423,+502 3629-1498
254,Agencia Cobán 254,Agencia,Alta Verapaz,Cobán,Zona 6,98915,+502 8060-6144
255,Agencia Flores 255,Agencia,Petén,Flores,Zona 5,76618,+502 8568-8985
256,Agencia Chiquimula 256,Agencia,Chiquimula,Chiquimula,Zona 1,40864,+502 7258-7724
257,Agencia Jutiapa 257,Agencia,Jutiapa,Jutiapa,Zona 10,27967,+502 9685-8410
258,Agencia Jalapa 258,Agencia,Jalapa,Jalapa,Zona 8,29443,+502 6823-8749
259,Agencia Huehuetenango 259,Agencia,Huehuetenango,Huehuetenango,Zona 3,41257,+502 1774-3949
260,Agencia Guatemala 260,Agencia,Guatemala,Guatemala,Zona 1,90896,+502 8575-3019
261,Agencia Antigua Guatemala 261,Agencia,Sacatepéquez,Antigua Guatemala,Zona 7,18156,+502 8481-5323
262,Agencia Escuintla 262,Agencia,Escuintla,Escuintla,Zona 2,17044,+502 4087-6198
263,Agencia Quetzaltenango 263,Agencia,Quetzaltenango,Quetzaltenango,Zona 10,70750,+502 1896-6856
264,Agencia Cobán 264,Agencia,Alta Verapaz,Cobán,Zona 1,98719,+502 5135-1329
265,Agencia Flores 265,Agencia,Petén,Flores,Zona 8,29355,+502 8005-3946
266,Agencia Chiquimula 266,Agencia,Chiquimula,Chiquimula,Zona 1,39851,+502 8833-8497
267,Agencia Jutiapa 267,Agencia,Jutiapa,Jutiapa,Zona 10,53499,+502 2853-8777
268,Agencia Jalapa 268,Agencia,Jalapa,Jalapa,Zona 7,84055,+502 5724-8099
269,Agencia Huehuetenango 269,Agencia,Huehuetenango,Huehuetenango,Zona 7,33439,+502 5512-8726
270,Agencia Guatemala 270,Agencia,Guatemala,Guatemala,Zona 2,93794,+502 2467-6038
271,Agencia Antigua Guatemala 271,Agencia,Sacatepéquez,Antigua Guatemala,Zona 3,29495,+502 6293-7353
272,Agencia Escuintla 272,Agencia,Escuintla,Escuintla,Zona 6,70288,+502 8436-8263
273,Agencia Quetzaltenango 273,Agencia,Quetzaltenango,Quetzaltenango,Zona 4,60513,+502 1021-5477
274,Agencia Cobán 274,Agencia,Alta Verapaz,Cobán,Zona 4,74367,+502 3564-1392
275,Agencia Flores 275,Agencia,Petén,Flores,Zona 6,95496,+502 1917-1536
276,Agencia Chiquimula 276,Agencia,Chiquimula,Chiquimula,Zona 6,37971,+502 2759-6701
277,Agencia Jutiapa 277,Agencia,Jutiapa,Jutiapa,Zona 5,47360,+502 2808-8122
278,Agencia Jalapa 278,Agencia,Jalapa,Jalapa,Zona 5,10813,+502 7482-4616
279,Agencia Huehuetenango 279,Agencia,Huehuetenango,Huehuetenango,Zona 10,73520,+502 3084-6682
280,Agencia Guatemala 280,Agencia,Guatemala,Guatemala,Zona 6,71058,+502 1081-8818
281,Agencia Antigua Guatemala 281,Agencia,Sacatepéquez,Antigua Guatemala,Zona 10,56961,+502 6309-6727
282,Agencia Escuintla 282,Agencia,Escuintla,Escuintla,Zona 10,28829,+502 6655-2560
283,Agencia Quetzaltenango 283,Agencia,Quetzaltenango,Quetzaltenango,Zona 8,60296,+502 6776-4376
284,Agencia Cobán 284,Agencia,Alta Verapaz,Cobán,Zona 1,82978,+502 9826-6912
285,Agencia Flores 285,Agencia,Petén,Flores,Zona 2,81070,+502 9920-4422
286,Agencia Chiquimula 286,Agencia,Chiquimula,Chiquimula,Zona 6,87312,+502 6322-4874
287,Agencia Jutiapa 287,Agencia,Jutiapa,Jutiapa,Zona 9,84706,+502 1185-7343
288,Agencia Jalapa 288,Agencia,Jalapa,Jalapa,Zona 1,38978,+502 3437-4299
289,Agencia Huehuetenango 289,Agencia,Huehuetenango,Huehuetenango,Zona 3,72104,+502 5897-3524
290,Agencia Guatemala 290,Agencia,Guatemala,Guatemala,Zona 4,63686,+502 1697-1997
291,Agencia Antigua Guatemala 291,Agencia,Sacatepéquez,Antigua Guatemala,Zona 3,56359,+502 5710-2123
292,Agencia Escuintla 292,Agencia,Escuintla,Escuintla,Zona 10,26952,+502 3202-5967
293,Agencia Quetzaltenango 293,Agencia,Quetzaltenango,Quetzaltenango,Zona 4,17959,+502 2509-9032
294,Agencia Cobán 294,Agencia,Alta Verapaz,Cobán,Zona 9,95596,+502 8151-6464
295,Agencia Flores 295,Agencia,Petén,Flores,Zona 3,30165,+502 1000-2392
296,Agencia Chiquimula 296,Agencia,Chiquimula,Chiquimula,Zona 5,64604,+502 4158-7612
297,Agencia Jutiapa 297,Agencia,Jutiapa,Jutiapa,Zona 9,83174,+502 3723-7707
298,Agencia Jalapa 298,Agencia,Jalapa,Jalapa,Zona 1,41153,+502 1449-9172
299,Agencia Huehuetenango 299,Agencia,Huehuetenango,Huehuetenango,Zona 6,98900,+502 1012-5115
300,Agencia Guatemala 300,Agencia,Guatemala,Guatemala,Zona 10,31832,+502 5482-5019
301,Agencia Antigua Guatemala 301,Agencia,Sacatepéquez,Antigua Guatemala,Zona 4,26315,+502 2283-3385
302,Agencia Escuintla 302,Agencia,Escuintla,Escuintla,Zona 3,21053,+502 4688-6989
303,Agencia Quetzaltenango 303,Agencia,Quetzaltenango,Quetzaltenango,Zona 8,27071,+502 6119-1272
304,Agencia Cobán 304,Agencia,Alta Verapaz,Cobán,Zona 3,40797,+502 4297-4316
305,Agencia Flores 305,Agencia,Petén,Flores,Zona 9,56222,+502 2585-8986
306,Agencia Chiquimula 306,Agencia,Chiquimula,Chiquimula,Zona 4,69542,+502 8652-3246
307,Agencia Jutiapa 307,Agencia,Jutiapa,Jutiapa,Zona 6,66342,+502 9813-4549
308,Agencia Jalapa 308,Agencia,Jalapa,Jalapa,Zona 6,90816,+502 4232-8869
309,Agencia Huehuetenango 309,Agencia,Huehuetenango,Huehuetenango,Zona 5,27425,+502 8865-3800
310,Agencia Guatemala 310,Agencia,Guatemala,Guatemala,Zona 4,11433,+502 8726-9027
311,Agencia Antigua Guatemala 311,Agencia,Sacatepéquez,Antigua Guatemala,Zona 6,14071,+502 5481-4451
312,Agencia Escuintla 312,Agencia,Escuintla,Escuintla,Zona 5,63216,+502 8476-2388
313,Agencia Quetzaltenango 313,Agencia,Quetzaltenango,Quetzaltenango,Zona 8,11302,+502 7799-8248
314,Agencia Cobán 314,Agencia,Alta Verapaz,Cobán,Zona 7,91814,+502 8748-2160
315,Agencia Flores 315,Agencia,Petén,Flores,Zona 2,81227,+502 7719-6153
316,Agencia Chiquimula 316,Agencia,Chiquimula,Chiquimula,Zona 7,79219,+502 8228-3973
317,Agencia Jutiapa 317,Agencia,Jutiapa,Jutiapa,Zona 3,86597,+502 8775-1904
318,Agencia Jalapa 318,Agencia,Jalapa,Jalapa,Zona 6,49020,+502 8045-8698
319,Agencia Huehuetenango 319,Agencia,Huehuetenango,Huehuetenango,Zona 6,61488,+502 8541-1987
320,Agencia Guatemala 320,Agencia,Guatemala,Guatemala,Zona 8,28415,+502 8617-7913
321,Agencia Antigua Guatemala 321,Agencia,Sacatepéquez,Antigua Guatemala,Zona 8,48950,+502 8877-7329
322,Agencia Escuintla 322,Agencia,Escuintla,Escuintla,Zona 6,38278,+502 9930-4626
323,Agencia Quetzaltenango 323,Agencia,Quetzaltenango,Quetzaltenango,Zona 3,71571,+502 8945-9122
324,Agencia Cobán 324,Agencia,Alta Verapaz,Cobán,Zona 5,48868,+502 6270-6147
325,Agencia Flores 325,Agencia,Petén,Flores,Zona 9,25230,+502 3650-8763
326,Agencia Chiquimula 326,Agencia,Chiquimula,Chiquimula,Zona 3,16469,+502 2845-6435
327,Agencia Jutiapa 327,Agencia,Jutiapa,Jutiapa,Zona 3,38649,+502 2109-8264
328,Agencia Jalapa 328,Agencia,Jalapa,Jalapa,Zona 5,82050,+502 3742-5185
329,Agencia Huehuetenango 329,Agencia,Huehuetenango,Huehuetenango,Zona 2,23196,+502 8754-2385
330,Agencia Guatemala 330,Agencia,Guatemala,Guatemala,Zona 5,44941,+502 8614-2687
331,Agencia Antigua Guatemala 331,Agencia,Sacatepéquez,Antigua Guatemala,Zona 6,99180,+502 3169-6563
332,Agencia Escuintla 332,Agencia,Escuintla,Escuintla,Zona 1,59246,+502 2276-8870
333,Agencia Quetzaltenango 333,Agencia,Quetzaltenango,Quetzaltenango,Zona 9,98766,+502 4017-2062
334,Agencia Cobán 334,Agencia,Alta Verapaz,Cobán,Zona 7,10223,+502 1212-7233
335,Agencia Flores 335,Agencia,Petén,Flores,Zona 2,78763,+502 3136-1967
336,Agencia Chiquimula 336,Agencia,Chiquimula,Chiquimula,Zona 2,67142,+502 4726-1941
337,Agencia Jutiapa 337,Agencia,Jutiapa,Jutiapa,Zona 1,27857,+502 2992-4827
338,Agencia Jalapa 338,Agencia,Jalapa,Jalapa,Zona 2,92489,+502 9142-7869
339,Agencia Huehuetenango 339,Agencia,Huehuetenango,Huehuetenango,Zona 8,62825,+502 6024-2971
340,Agencia Guatemala 340,Agencia,Guatemala,Guatemala,Zona 3,59071,+502 5970-6503
341,Agencia Antigua Guatemala 341,Agencia,Sacatepéquez,Antigua Guatemala,Zona 5,87968,+502 2999-6426
342,Agencia Escuintla 342,Agencia,Escuintla,Escuintla,Zona 10,21163,+502 6680-2413
343,Agencia Quetzaltenango 343,Agencia,Quetzaltenango,Quetzaltenango,Zona 7,85106,+502 5596-1752
344,Agencia Cobán 344,Agencia,Alta Verapaz,Cobán,Zona 2,83888,+502 6203-5491
345,Agencia Flores 345,Agencia,Petén,Flores,Zona 7,17330,+502 4626-4991
346,Agencia Chiquimula 346,Agencia,Chiquimula,Chiquimula,Zona 5,52096,+502 1964-9365
347,Agencia Jutiapa 347,Agencia,Jutiapa,Jutiapa,Zona 6,64273,+502 2600-5643
348,Agencia Jalapa 348,Agencia,Jalapa,Jalapa,Zona 9,90914,+502 8357-9413
349,Agencia Huehuetenango 349,Agencia,Huehuetenango,Huehuetenango,Zona 7,48023,+502 2746-2776
350,Agencia Guatemala 350,Agencia,Guatemala,Guatemala,Zona 5,68037,+502 4977-1802
351,Agencia Antigua Guatemala 351,Agencia,Sacatepéquez,Antigua Guatemala,Zona 2,91662,+502 3229-2926
352,Agencia Escuintla 352,Agencia,Escuintla,Escuintla,Zona 8,94331,+502 3391-7745
353,Agencia Quetzaltenango 353,Agencia,Quetzaltenango,Quetzaltenango,Zona 8,94374,+502 8368-2120
354,Agencia Cobán 354,Agencia,Alta Verapaz,Cobán,Zona 9,58440,+502 4190-8737
355,Agencia Flores 355,Agencia,Petén,Flores,Zona 9,41594,+502 4547-9848
356,Agencia Chiquimula 356,Agencia,Chiquimula,Chiquimula,Zona 8,53368,+502 5418-5784
357,Agencia Jutiapa 357,Agencia,Jutiapa,Jutiapa,Zona 7,98542,+502 2437-3253
358,Agencia Jalapa 358,Agencia,Jalapa,Jalapa,Zona 4,58669,+502 7665-4255
359,Agencia Huehuetenango 359,Agencia,Huehuetenango,Huehuetenango,Zona 8,48839,+502 2064-7672
360,Agencia Guatemala 360,Agencia,Guatemala,Guatemala,Zona 7,72397,+502 2584-2657
361,Agencia Antigua Guatemala 361,Agencia,Sacatepéquez,Antigua Guatemala,Zona 1,72197,+502 2903-2719
362,Agencia Escuintla 362,Agencia,Escuintla,Escuintla,Zona 4,21829,+502 2210-9125
363,Agencia Quetzaltenango 363,Agencia,Quetzaltenango,Quetzaltenango,Zona 2,21436,+502 8218-5713
364,Agencia Cobán 364,Agencia,Alta Verapaz,Cobán,Zona 3,48179,+502 5204-1961
365,Agencia Flores 365,Agencia,Petén,Flores,Zona 9,62864,+502 6816-9621
366,Agencia Chiquimula 366,Agencia,Chiquimula,Chiquimula,Zona 6,46033,+502 7718-4849
367,Agencia Jutiapa 367,Agencia,Jutiapa,Jutiapa,Zona 9,40782,+502 7360-2066
368,Agencia Jalapa 368,Agencia,Jalapa,Jalapa,Zona 3,33953,+502 4997-8400
369,Agencia Huehuetenango 369,Agencia,Huehuetenango,Huehuetenango,Zona 9,24837,+502 3703-6977
370,Agencia Guatemala 370,Agencia,Guatemala,Guatemala,Zona 5,94826,+502 6087-5898
371,Agencia Antigua Guatemala 371,Agencia,Sacatepéquez,Antigua Guatemala,Zona 3,25633,+502 9882-4482
372,Agencia Escuintla 372,Agencia,Escuintla,Escuintla,Zona 2,77974,+502 8380-2773
373,Agencia Quetzaltenango 373,Agencia,Quetzaltenango,Quetzaltenango,Zona 9,72486,+502 1701-6848
374,Agencia Cobán 374,Agencia,Alta Verapaz,Cobán,Zona 10,90723,+502 3911-6041
375,Agencia Flores 375,Agencia,Petén,Flores,Zona 10,40917,+502 6729-3559
376,Agencia Chiquimula 376,Agencia,Chiquimula,Chiquimula,Zona 5,83006,+502 6810-5231
377,Agencia Jutiapa 377,Agencia,Jutiapa,Jutiapa,Zona 2,65436,+502 8299-1095
378,Agencia Jalapa 378,Agencia,Jalapa,Jalapa,Zona 7,75685,+502 7446-5376
379,Agencia Huehuetenango 379,Agencia,Huehuetenango,Huehuetenango,Zona 3,13763,+502 6917-7525
380,Agencia Guatemala 380,Agencia,Guatemala,Guatemala,Zona 5,61697,+502 5895-9213
381,Agencia Antigua Guatemala 381,Agencia,Sacatepéquez,Antigua Guatemala,Zona 8,95964,+502 1730-7923
382,Agencia Escuintla 382,Agencia,Escuintla,Escuintla,Zona 9,70977,+502 9827-6823
383,Agencia Quetzaltenango 383,Agencia,Quetzaltenango,Quetzaltenango,Zona 9,68237,+502 7662-1862
384,Agencia Cobán 384,Agencia,Alta Verapaz,Cobán,Zona 2,34623,+502 2697-2294
385,Agencia Flores 385,Agencia,Petén,Flores,Zona 6,31332,+502 3182-6371
386,Agencia Chiquimula 386,Agencia,Chiquimula,Chiquimula,Zona 4,20104,+502 3417-4455
387,Agencia Jutiapa 387,Agencia,Jutiapa,Jutiapa,Zona 8,22429,+502 7491-9987
388,Agencia Jalapa 388,Agencia,Jalapa,Jalapa,Zona 5,56669,+502 5031-9451
389,Agencia Huehuetenango 389,Agencia,Huehuetenango,Huehuetenango,Zona 10,34232,+502 4989-6758
390,Agencia Guatemala 390,Agencia,Guatemala,Guatemala,Zona 7,16910,+502 9170-9572
391,Agencia Antigua Guatemala 391,Agencia,Sacatepéquez,Antigua Guatemala,Zona 6,81018,+502 1733-2300
392,Agencia Escuintla 392,Agencia,Escuintla,Escuintla,Zona 2,40124,+502 7521-5217
393,Agencia Quetzaltenango 393,Agencia,Quetzaltenango,Quetzaltenango,Zona 8,89149,+502 8808-3496
394,Agencia Cobán 394,Agencia,Alta Verapaz,Cobán,Zona 5,20511,+502 2884-9233
395,Agencia Flores 395,Agencia,Petén,Flores,Zona 6,33234,+502 4140-9488
396,Agencia Chiquimula 396,Agencia,Chiquimula,Chiquimula,Zona 7,10775,+502 8469-4676
397,Agencia Jutiapa 397,Agencia,Jutiapa,Jutiapa,Zona 8,19113,+502 8193-3714
398,Agencia Jalapa 398,Agencia,Jalapa,Jalapa,Zona 1,36931,+502 2913-3620
399,Agencia Huehuetenango 399,Agencia,Huehuetenango,Huehuetenango,Zona 5,59737,+502 9426-4979
400,Agencia Guatemala 400,Agencia,Guatemala,Guatemala,Zona 2,52289,+502 7855-3603
401,Agencia Antigua Guatemala 401,Agencia,Sacatepéquez,Antigua Guatemala,Zona 1,32643,+502 1884-8866
402,Agencia Escuintla 402,Agencia,Escuintla,Escuintla,Zona 6,38867,+502 7022-2954
403,Agencia Quetzaltenango 403,Agencia,Quetzaltenango,Quetzaltenango,Zona 7,57351,+502 5235-6834
404,Agencia Cobán 404,Agencia,Alta Verapaz,Cobán,Zona 4,13227,+502 9713-3684
405,Agencia Flores 405,Agencia,Petén,Flores,Zona 9,48843,+502 7645-5029
406,Agencia Chiquimula 406,Agencia,Chiquimula,Chiquimula,Zona 8,70348,+502 9280-9974
407,Agencia Jutiapa 407,Agencia,Jutiapa,Jutiapa,Zona 8,60983,+502 9538-9048
408,Agencia Jalapa 408,Agencia,Jalapa,Jalapa,Zona 8,61115,+502 6049-8021
409,Agencia Huehuetenango 409,Agencia,Huehuetenango,Huehuetenango,Zona 5,21892,+502 6019-7354
410,Agencia Guatemala 410,Agencia,Guatemala,Guatemala,Zona 10,31530,+502 6246-6654
411,Agencia Antigua Guatemala 411,Agencia,Sacatepéquez,Antigua Guatemala,Zona 6,26819,+502 9340-4650
412,Agencia Escuintla 412,Agencia,Escuintla,Escuintla,Zona 7,20437,+502 7775-4620
413,Agencia Quetzaltenango 413,Agencia,Quetzaltenango,Quetzaltenango,Zona 6,52581,+502 9922-2265
414,Agencia Cobán 414,Agencia,Alta Verapaz,Cobán,Zona 9,77315,+502 5203-5590
415,Agencia Flores 415,Agencia,Petén,Flores,Zona 1,85553,+502 4117-2852
416,Agencia Chiquimula 416,Agencia,Chiquimula,Chiquimula,Zona 8,37557,+502 9900-7525
417,Agencia Jutiapa 417,Agencia,Jutiapa,Jutiapa,Zona 2,47001,+502 6009-9254
418,Agencia Jalapa 418,Agencia,Jalapa,Jalapa,Zona 2,89995,+502 9956-4800
419,Agencia Huehuetenango 419,Agencia,Huehuetenango,Huehuetenango,Zona 3,27101,+502 8362-5631
420,Agencia Guatemala 420,Agencia,Guatemala,Guatemala,Zona 5,85492,+502 1240-3528
421,Agencia Antigua Guatemala 421,Agencia,Sacatepéquez,Antigua Guatemala,Zona 5,17594,+502 9820-8349
422,Agencia Escuintla 422,Agencia,Escuintla,Escuintla,Zona 5,62871,+502 5310-9773
423,Agencia Quetzaltenango 423,Agencia,Quetzaltenango,Quetzaltenango,Zona 10,18955,+502 6675-6751
424,Agencia Cobán 424,Agencia,Alta Verapaz,Cobán,Zona 2,74990,+502 1044-8938
425,Agencia Flores 425,Agencia,Petén,Flores,Zona 6,89362,+502 2174-1132
426,Agencia Chiquimula 426,Agencia,Chiquimula,Chiquimula,Zona 5,88902,+502 1843-3038
427,Agencia Jutiapa 427,Agencia,Jutiapa,Jutiapa,Zona 9,96606,+502 9563-7741
428,Agencia Jalapa 428,Agencia,Jalapa,Jalapa,Zona 6,44570,+502 9164-8736
429,Agencia Huehuetenango 429,Agencia,Huehuetenango,Huehuetenango,Zona 5,77896,+502 5867-2573
430,Agencia Guatemala 430,Agencia,Guatemala,Guatemala,Zona 5,45306,+502 7007-9170
431,Agencia Antigua Guatemala 431,Agencia,Sacatepéquez,Antigua Guatemala,Zona 5,80773,+502 4937-7068
432,Agencia Escuintla 432,Agencia,Escuintla,Escuintla,Zona 8,52939,+502 8525-4701
433,Agencia Quetzaltenango 433,Agencia,Quetzaltenango,Quetzaltenango,Zona 7,30757,+502 2737-7389
434,Agencia Cobán 434,Agencia,Alta Verapaz,Cobán,Zona 1,18511,+502 4010-3969
435,Agencia Flores 435,Agencia,Petén,Flores,Zona 4,59323,+502 3871-2503
436,Agencia Chiquimula 436,Agencia,Chiquimula,Chiquimula,Zona 3,16532,+502 7347-2526
437,Agencia Jutiapa 437,Agencia,Jutiapa,Jutiapa,Zona 4,69398,+502 5298-8955
438,Agencia Jalapa 438,Agencia,Jalapa,Jalapa,Zona 2,94926,+502 4079-1305
439,Agencia Huehuetenango 439,Agencia,Huehuetenango,Huehuetenango,Zona 5,51557,+502 5113-5170
440,Agencia Guatemala 440,Agencia,Guatemala,Guatemala,Zona 2,81830,+502 4599-3117
441,Agencia Antigua Guatemala 441,Agencia,Sacatepéquez,Antigua Guatemala,Zona 5,56646,+502 1436-6617
442,Agencia Escuintla 442,Agencia,Escuintla,Escuintla,Zona 3,32829,+502 5144-4025
443,Agencia Quetzaltenango 443,Agencia,Quetzaltenango,Quetzaltenango,Zona 1,83396,+502 2466-5381
444,Agencia Cobán 444,Agencia,Alta Verapaz,Cobán,Zona 10,14481,+502 6288-1603
445,Agencia Flores 445,Agencia,Petén,Flores,Zona 3,48778,+502 8321-7892
446,Agencia Chiquimula 446,Agencia,Chiquimula,Chiquimula,Zona 4,11152,+502 4132-5235
447,Agencia Jutiapa 447,Agencia,Jutiapa,Jutiapa,Zona 8,89586,+502 2790-6053
448,Agencia Jalapa 448,Agencia,Jalapa,Jalapa,Zona 9,86632,+502 1529-2593
449,Agencia Huehuetenango 449,Agencia,Huehuetenango,Huehuetenango,Zona 3,33286,+502 5535-1943
450,Agencia Guatemala 450,Agencia,Guatemala,Guatemala,Zona 10,30737,+502 5156-1739
451,Agencia Antigua Guatemala 451,Agencia,Sacatepéquez,Antigua Guatemala,Zona 5,68249,+502 7223-4198
452,Agencia Escuintla 452,Agencia,Escuintla,Escuintla,Zona 8,50111,+502 9022-8716
453,Agencia Quetzaltenango 453,Agencia,Quetzaltenango,Quetzaltenango,Zona 4,30411,+502 7371-2560
454,Agencia Cobán 454,Agencia,Alta Verapaz,Cobán,Zona 8,67614,+502 1436-7215
455,Agencia Flores 455,Agencia,Petén,Flores,Zona 1,17275,+502 7642-6219
456,Agencia Chiquimula 456,Agencia,Chiquimula,Chiquimula,Zona 5,48225,+502 8630-8915
457,Agencia Jutiapa 457,Agencia,Jutiapa,Jutiapa,Zona 9,87418,+502 1693-1839
458,Agencia Jalapa 458,Agencia,Jalapa,Jalapa,Zona 3,22885,+502 5870-7357
459,Agencia Huehuetenango 459,Agencia,Huehuetenango,Huehuetenango,Zona 4,98192,+502 2249-8982
460,Agencia Guatemala 460,Agencia,Guatemala,Guatemala,Zona 1,39167,+502 3695-5959
461,Agencia Antigua Guatemala 461,Agencia,Sacatepéquez,Antigua Guatemala,Zona 1,65634,+502 9324-8659
462,Agencia Escuintla 462,Agencia,Escuintla,Escuintla,Zona 7,53906,+502 7174-6367
463,Agencia Quetzaltenango 463,Agencia,Quetzaltenango,Quetzaltenango,Zona 8,66806,+502 1093-1041
464,Agencia Cobán 464,Agencia,Alta Verapaz,Cobán,Zona 8,20560,+502 8300-8809
465,Agencia Flores 465,Agencia,Petén,Flores,Zona 2,66465,+502 2478-3277
466,Agencia Chiquimula 466,Agencia,Chiquimula,Chiquimula,Zona 6,10761,+502 2162-1656
467,Agencia Jutiapa 467,Agencia,Jutiapa,Jutiapa,Zona 9,23183,+502 2480-5047
468,Agencia Jalapa 468,Agencia,Jalapa,Jalapa,Zona 8,10242,+502 6289-8308
469,Agencia Huehuetenango 469,Agencia,Huehuetenango,Huehuetenango,Zona 6,36573,+502 4652-9521
470,Agencia Guatemala 470,Agencia,Guatemala,Guatemala,Zona 1,38786,+502 3435-7620
471,Agencia Antigua Guatemala 471,Agencia,Sacatepéquez,Antigua Guatemala,Zona 4,77996,+502 5162-4733
472,Agencia Escuintla 472,Agencia,Escuintla,Escuintla,Zona 2,68521,+502 7294-7852
473,Agencia Quetzaltenango 473,Agencia,Quetzaltenango,Quetzaltenango,Zona 2,72066,+502 5349-5548
474,Agencia Cobán 474,Agencia,Alta Verapaz,Cobán,Zona 4,92871,+502 7708-5818
475,Agencia Flores 475,Agencia,Petén,Flores,Zona 4,22840,+502 9929-3652
476,Agencia Chiquimula 476,Agencia,Chiquimula,Chiquimula,Zona 10,82699,+502 4866-3292
477,Agencia Jutiapa 477,Agencia,Jutiapa,Jutiapa,Zona 2,68211,+502 4606-3637
478,Agencia Jalapa 478,Agencia,Jalapa,Jalapa,Zona 3,37241,+502 1921-6440
479,Agencia Huehuetenango 479,Agencia,Huehuetenango,Huehuetenango,Zona 10,44351,+502 6545-7216
480,Agencia Guatemala 480,Agencia,Guatemala,Guatemala,Zona 6,76110,+502 6392-3427
481,Agencia Antigua Guatemala 481,Agencia,Sacatepéquez,Antigua Guatemala,Zona 8,99381,+502 7535-7614
482,Agencia Escuintla 482,Agencia,Escuintla,Escuintla,Zona 8,31862,+502 2316-6690
483,Agencia Quetzaltenango 483,Agencia,Quetzaltenango,Quetzaltenango,Zona 5,86981,+502 1728-4830
484,Agencia Cobán 484,Agencia,Alta Verapaz,Cobán,Zona 5,87330,+502 3314-4269
485,Agencia Flores 485,Agencia,Petén,Flores,Zona 6,77893,+502 9521-4523
486,Agencia Chiquimula 486,Agencia,Chiquimula,Chiquimula,Zona 8,50398,+502 5257-1222
487,Agencia Jutiapa 487,Agencia,Jutiapa,Jutiapa,Zona 10,14538,+502 9490-2282
488,Agencia Jalapa 488,Agencia,Jalapa,Jalapa,Zona 4,55761,+502 8505-3744
489,Agencia Huehuetenango 489,Agencia,Huehuetenango,Huehuetenango,Zona 7,27701,+502 5119-6683
490,Agencia Guatemala 490,Agencia,Guatemala,Guatemala,Zona 7,37464,+502 8449-5222
491,Agencia Antigua Guatemala 491,Agencia,Sacatepéquez,Antigua Guatemala,Zona 8,87776,+502 3084-7009
492,Agencia Escuintla 492,Agencia,Escuintla,Escuintla,Zona 8,58399,+502 2845-2743
493,Agencia Quetzaltenango 493,Agencia,Quetzaltenango,Quetzaltenango,Zona 1,37096,+502 5607-3728
494,Agencia Cobán 494,Agencia,Alta Verapaz,Cobán,Zona 1,96464,+502 8184-6505
495,Agencia Flores 495,Agencia,Petén,Flores,Zona 1,49168,+502 8680-1335
496,Agencia Chiquimula 496,Agencia,Chiquimula,Chiquimula,Zona 8,79436,+502 1336-1376
497,Agencia Jutiapa 497,Agencia,Jutiapa,Jutiapa,Zona 5,28375,+502 5812-4555
498,Agencia Jalapa 498,Agencia,Jalapa,Jalapa,Zona 9,64411,+502 1758-2324
499,Agencia Huehuetenango 499,Agencia,Huehuetenango,Huehuetenango,Zona 5,49134,+502 9696-2319
500,Agencia Guatemala 500,Agencia,Guatemala,Guatemala,Zona 10,99415,+502 2316-8970
501,Agencia Antigua Guatemala 501,Agencia,Sacatepéquez,Antigua Guatemala,Zona 10,20788,+502 5980-4090
502,Agencia Escuintla 502,Agencia,Escuintla,Escuintla,Zona 4,88757,+502 9460-4473
503,Agencia Quetzaltenango 503,Agencia,Quetzaltenango,Quetzaltenango,Zona 1,76471,+502 4752-5394
504,Agencia Cobán 504,Agencia,Alta Verapaz,Cobán,Zona 10,20953,+502 4476-7005
505,Agencia Flores 505,Agencia,Petén,Flores,Zona 4,95724,+502 9295-4894
506,Agencia Chiquimula 506,Agencia,Chiquimula,Chiquimula,Zona 4,72071,+502 9561-9353
507,Agencia Jutiapa 507,Agencia,Jutiapa,Jutiapa,Zona 8,36793,+502 4493-3273
508,Agencia Jalapa 508,Agencia,Jalapa,Jalapa,Zona 9,94562,+502 1926-4148
509,Agencia Huehuetenango 509,Agencia,Huehuetenango,Huehuetenango,Zona 1,25561,+502 2624-5288
510,Agencia Guatemala 510,Agencia,Guatemala,Guatemala,Zona 9,99909,+502 3336-8194
511,Agencia Antigua Guatemala 511,Agencia,Sacatepéquez,Antigua Guatemala,Zona 4,16754,+502 3924-4908
512,Agencia Escuintla 512,Agencia,Escuintla,Escuintla,Zona 5,58407,+502 8086-8601
513,Agencia Quetzaltenango 513,Agencia,Quetzaltenango,Quetzaltenango,Zona 6,62526,+502 7482-5424
514,Agencia Cobán 514,Agencia,Alta Verapaz,Cobán,Zona 9,78331,+502 5508-5060
515,Agencia Flores 515,Agencia,Petén,Flores,Zona 5,32486,+502 2880-2172
516,Agencia Chiquimula 516,Agencia,Chiquimula,Chiquimula,Zona 8,54271,+502 3915-9692
517,Agencia Jutiapa 517,Agencia,Jutiapa,Jutiapa,Zona 8,32870,+502 8435-2195
518,Agencia Jalapa 518,Agencia,Jalapa,Jalapa,Zona 6,42680,+502 7991-1133
519,Agencia Huehuetenango 519,Agencia,Huehuetenango,Huehuetenango,Zona 4,76751,+502 1322-6023
520,Agencia Guatemala 520,Agencia,Guatemala,Guatemala,Zona 7,10870,+502 6212-2258
521,Agencia Antigua Guatemala 521,Agencia,Sacatepéquez,Antigua Guatemala,Zona 5,81515,+502 9518-8831
522,Agencia Escuintla 522,Agencia,Escuintla,Escuintla,Zona 6,23205,+502 8782-8089
523,Agencia Quetzaltenango 523,Agencia,Quetzaltenango,Quetzaltenango,Zona 3,62033,+502 5499-1630
524,Agencia Cobán 524,Agencia,Alta Verapaz,Cobán,Zona 5,20665,+502 7026-8543
525,Agencia Flores 525,Agencia,Petén,Flores,Zona 9,14889,+502 1812-5899
526,Agencia Chiquimula 526,Agencia,Chiquimula,Chiquimula,Zona 10,74595,+502 8694-7322
527,Agencia Jutiapa 527,Agencia,Jutiapa,Jutiapa,Zona 8,64344,+502 2795-6714
528,Agencia Jalapa 528,Agencia,Jalapa,Jalapa,Zona 10,31555,+502 9610-6457
529,Agencia Huehuetenango 529,Agencia,Huehuetenango,Huehuetenango,Zona 8,53605,+502 1943-4720
530,Agencia Guatemala 530,Agencia,Guatemala,Guatemala,Zona 2,93331,+502 3999-1568
531,Agencia Antigua Guatemala 531,Agencia,Sacatepéquez,Antigua Guatemala,Zona 6,49986,+502 4501-7581
532,Agencia Escuintla 532,Agencia,Escuintla,Escuintla,Zona 7,15821,+502 7657-9027
533,Agencia Quetzaltenango 533,Agencia,Quetzaltenango,Quetzaltenango,Zona 8,76086,+502 8138-8863
534,Agencia Cobán 534,Agencia,Alta Verapaz,Cobán,Zona 2,28340,+502 8085-4430
535,Agencia Flores 535,Agencia,Petén,Flores,Zona 5,27061,+502 9437-9323
536,Agencia Chiquimula 536,Agencia,Chiquimula,Chiquimula,Zona 8,36847,+502 4992-6029
537,Agencia Jutiapa 537,Agencia,Jutiapa,Jutiapa,Zona 2,55429,+502 9836-8022
538,Agencia Jalapa 538,Agencia,Jalapa,Jalapa,Zona 7,33013,+502 8632-8670
539,Agencia Huehuetenango 539,Agencia,Huehuetenango,Huehuetenango,Zona 10,47385,+502 7820-5607
540,Agencia Guatemala 540,Agencia,Guatemala,Guatemala,Zona 6,37143,+502 2951-2082
541,Agencia Antigua Guatemala 541,Agencia,Sacatepéquez,Antigua Guatemala,Zona 6,76202,+502 3573-1154
542,Agencia Escuintla 542,Agencia,Escuintla,Escuintla,Zona 1,25912,+502 9096-1995
543,Agencia Quetzaltenango 543,Agencia,Quetzaltenango,Quetzaltenango,Zona 9,84111,+502 5187-9764
544,Agencia Cobán 544,Agencia,Alta Verapaz,Cobán,Zona 3,42047,+502 6676-7728
545,Agencia Flores 545,Agencia,Petén,Flores,Zona 3,90738,+502 2121-6976
546,Agencia Chiquimula 546,Agencia,Chiquimula,Chiquimula,Zona 6,15898,+502 2455-3700
547,Agencia Jutiapa 547,Agencia,Jutiapa,Jutiapa,Zona 1,72254,+502 2800-8818
548,Agencia Jalapa 548,Agencia,Jalapa,Jalapa,Zona 2,96454,+502 8645-8681
549,Agencia Huehuetenango 549,Agencia,Huehuetenango,Huehuetenango,Zona 6,91803,+502 4368-7593
550,Agencia Guatemala 550,Agencia,Guatemala,Guatemala,Zona 5,16827,+502 6538-8026
551,Agencia Antigua Guatemala 551,Agencia,Sacatepéquez,Antigua Guatemala,Zona 9,18345,+502 8011-8148
552,Agencia Escuintla 552,Agencia,Escuintla,Escuintla,Zona 6,99479,+502 7903-3670
553,Agencia Quetzaltenango 553,Agencia,Quetzaltenango,Quetzaltenango,Zona 5,77133,+502 7318-3635
554,Agencia Cobán 554,Agencia,Alta Verapaz,Cobán,Zona 5,92820,+502 7217-5289
555,Agencia Flores 555,Agencia,Petén,Flores,Zona 7,44306,+502 7831-8773
556,Agencia Chiquimula 556,Agencia,Chiquimula,Chiquimula,Zona 10,42686,+502 8301-2765
557,Agencia Jutiapa 557,Agencia,Jutiapa,Jutiapa,Zona 9,66871,+502 8622-2269
558,Agencia Jalapa 558,Agencia,Jalapa,Jalapa,Zona 1,66037,+502 8843-4826
559,Agencia Huehuetenango 559,Agencia,Huehuetenango,Huehuetenango,Zona 8,73945,+502 9739-8277
560,Agencia Guatemala 560,Agencia,Guatemala,Guatemala,Zona 3,42887,+502 7440-8374
561,Agencia Antigua Guatemala 561,Agencia,Sacatepéquez,Antigua Guatemala,Zona 8,83924,+502 7710-2564
562,Agencia Escuintla 562,Agencia,Escuintla,Escuintla,Zona 10,38388,+502 9771-9384
563,Agencia Quetzaltenango 563,Agencia,Quetzaltenango,Quetzaltenango,Zona 2,12963,+502 9800-4386
564,Agencia Cobán 564,Agencia,Alta Verapaz,Cobán,Zona 5,82901,+502 5466-1972
565,Agencia Flores 565,Agencia,Petén,Flores,Zona 6,35658,+502 2654-1565
566,Agencia Chiquimula 566,Agencia,Chiquimula,Chiquimula,Zona 5,79492,+502 5336-4253
567,Agencia Jutiapa 567,Agencia,Jutiapa,Jutiapa,Zona 2,65282,+502 7443-4130
568,Agencia Jalapa 568,Agencia,Jalapa,Jalapa,Zona 6,18262,+502 9977-8950
569,Agencia Huehuetenango 569,Agencia,Huehuetenango,Huehuetenango,Zona 9,94497,+502 3133-8348
570,Agencia Guatemala 570,Agencia,Guatemala,Guatemala,Zona 2,82887,+502 5765-1374
571,Agencia Antigua Guatemala 571,Agencia,Sacatepéquez,Antigua Guatemala,Zona 9,75320,+502 7022-6338
572,Agencia Escuintla 572,Agencia,Escuintla,Escuintla,Zona 8,86448,+502 1884-2081
573,Agencia Quetzaltenango 573,Agencia,Quetzaltenango,Quetzaltenango,Zona 9,94132,+502 9358-8858
574,Agencia Cobán 574,Agencia,Alta Verapaz,Cobán,Zona 5,11504,+502 8022-6356
575,Agencia Flores 575,Agencia,Petén,Flores,Zona 4,40430,+502 5285-3020
576,Agencia Chiquimula 576,Agencia,Chiquimula,Chiquimula,Zona 8,93529,+502 7042-1063
577,Agencia Jutiapa 577,Agencia,Jutiapa,Jutiapa,Zona 1,49082,+502 7546-7967
578,Agencia Jalapa 578,Agencia,Jalapa,Jalapa,Zona 9,16094,+502 3927-9105
579,Agencia Huehuetenango 579,Agencia,Huehuetenango,Huehuetenango,Zona 3,58707,+502 2360-3363
580,Agencia Guatemala 580,Agencia,Guatemala,Guatemala,Zona 3,20581,+502 6919-8942
581,Agencia Antigua Guatemala 581,Agencia,Sacatepéquez,Antigua Guatemala,Zona 5,82783,+502 7489-6809
582,Agencia Escuintla 582,Agencia,Escuintla,Escuintla,Zona 3,42793,+502 4295-2641
583,Agencia Quetzaltenango 583,Agencia,Quetzaltenango,Quetzaltenango,Zona 1,61268,+502 2172-1511
584,Agencia Cobán 584,Agencia,Alta Verapaz,Cobán,Zona 5,33929,+502 4390-9730
585,Agencia Flores 585,Agencia,Petén,Flores,Zona 9,52789,+502 6567-1750
586,Agencia Chiquimula 586,Agencia,Chiquimula,Chiquimula,Zona 4,63439,+502 8822-5602
587,Agencia Jutiapa 587,Agencia,Jutiapa,Jutiapa,Zona 6,42794,+502 8587-1042
588,Agencia Jalapa 588,Agencia,Jalapa,Jalapa,Zona 3,58695,+502 5353-2378
589,Agencia Huehuetenango 589,Agencia,Huehuetenango,Huehuetenango,Zona 6,13559,+502 4657-1156
590,Agencia Guatemala 590,Agencia,Guatemala,Guatemala,Zona 10,17551,+502 8671-8767
591,Agencia Antigua Guatemala 591,Agencia,Sacatepéquez,Antigua Guatemala,Zona 3,56183,+502 9567-8659
592,Agencia Escuintla 592,Agencia,Escuintla,Escuintla,Zona 2,50043,+502 9354-3655
593,Agencia Quetzaltenango 593,Agencia,Quetzaltenango,Quetzaltenango,Zona 3,94543,+502 6757-7261
594,Agencia Cobán 594,Agencia,Alta Verapaz,Cobán,Zona 1,31726,+502 1159-4706
595,Agencia Flores 595,Agencia,Petén,Flores,Zona 7,28538,+502 8110-9049
596,Agencia Chiquimula 596,Agencia,Chiquimula,Chiquimula,Zona 8,62537,+502 2293-2237
597,Agencia Jutiapa 597,Agencia,Jutiapa,Jutiapa,Zona 1,71143,+502 7757-9563
598,Agencia Jalapa 598,Agencia,Jalapa,Jalapa,Zona 9,91454,+502 1081-5344
599,Agencia Huehuetenango 599,Agencia,Huehuetenango,Huehuetenango,Zona 3,79254,+502 5221-4659
600,Agencia Guatemala 600,Agencia,Guatemala,Guatemala,Zona 3,56724,+502 4021-7034
601,Agencia Antigua Guatemala 601,Agencia,Sacatepéquez,Antigua Guatemala,Zona 2,34711,+502 4460-4430
602,Agencia Escuintla 602,Agencia,Escuintla,Escuintla,Zona 7,39782,+502 9834-7506
603,Agencia Quetzaltenango 603,Agencia,Quetzaltenango,Quetzaltenango,Zona 2,16365,+502 8782-8286
604,Agencia Cobán 604,Agencia,Alta Verapaz,Cobán,Zona 6,22716,+502 7471-9328
605,Agencia Flores 605,Agencia,Petén,Flores,Zona 3,43590,+502 2302-3920
606,Agencia Chiquimula 606,Agencia,Chiquimula,Chiquimula,Zona 6,20375,+502 4549-7985
607,Agencia Jutiapa 607,Agencia,Jutiapa,Jutiapa,Zona 9,65928,+502 4045-9080
608,Agencia Jalapa 608,Agencia,Jalapa,Jalapa,Zona 10,50109,+502 4655-1388
609,Agencia Huehuetenango 609,Agencia,Huehuetenango,Huehuetenango,Zona 7,81376,+502 1472-6740
610,Agencia Guatemala 610,Agencia,Guatemala,Guatemala,Zona 9,95838,+502 7534-5336
611,Agencia Antigua Guatemala 611,Agencia,Sacatepéquez,Antigua Guatemala,Zona 3,48755,+502 2602-2854
612,Agencia Escuintla 612,Agencia,Escuintla,Escuintla,Zona 9,89656,+502 2156-1434
613,Agencia Quetzaltenango 613,Agencia,Quetzaltenango,Quetzaltenango,Zona 10,58720,+502 1972-6218
614,Agencia Cobán 614,Agencia,Alta Verapaz,Cobán,Zona 3,32625,+502 1487-8716
615,Agencia Flores 615,Agencia,Petén,Flores,Zona 4,50052,+502 1518-5462
616,Agencia Chiquimula 616,Agencia,Chiquimula,Chiquimula,Zona 6,86864,+502 2708-6915
617,Agencia Jutiapa 617,Agencia,Jutiapa,Jutiapa,Zona 8,49904,+502 8293-2267
618,Agencia Jalapa 618,Agencia,Jalapa,Jalapa,Zona 2,65693,+502 5402-1333
619,Agencia Huehuetenango 619,Agencia,Huehuetenango,Huehuetenango,Zona 2,12111,+502 5292-6715
620,Agencia Guatemala 620,Agencia,Guatemala,Guatemala,Zona 9,22408,+502 6908-1218
621,Agencia Antigua Guatemala 621,Agencia,Sacatepéquez,Antigua Guatemala,Zona 2,54436,+502 4992-3802
622,Agencia Escuintla 622,Agencia,Escuintla,Escuintla,Zona 6,54775,+502 3138-3836
623,Agencia Quetzaltenango 623,Agencia,Quetzaltenango,Quetzaltenango,Zona 2,36089,+502 8962-3704
624,Agencia Cobán 624,Agencia,Alta Verapaz,Cobán,Zona 10,87805,+502 9019-3595
625,Agencia Flores 625,Agencia,Petén,Flores,Zona 8,70472,+502 9482-5583
626,Agencia Chiquimula 626,Agencia,Chiquimula,Chiquimula,Zona 8,81125,+502 3672-7169
627,Agencia Jutiapa 627,Agencia,Jutiapa,Jutiapa,Zona 2,27636,+502 3536-4068
628,Agencia Jalapa 628,Agencia,Jalapa,Jalapa,Zona 10,29461,+502 3621-4126
629,Agencia Huehuetenango 629,Agencia,Huehuetenango,Huehuetenango,Zona 4,82226,+502 6939-3968
630,Agencia Guatemala 630,Agencia,Guatemala,Guatemala,Zona 6,39887,+502 2433-2432
631,Agencia Antigua Guatemala 631,Agencia,Sacatepéquez,Antigua Guatemala,Zona 1,98491,+502 1719-2533
632,Agencia Escuintla 632,Agencia,Escuintla,Escuintla,Zona 5,94313,+502 8715-6375
633,Agencia Quetzaltenango 633,Agencia,Quetzaltenango,Quetzaltenango,Zona 6,15134,+502 4536-3706
634,Agencia Cobán 634,Agencia,Alta Verapaz,Cobán,Zona 5,48990,+502 2770-6891
635,Agencia Flores 635,Agencia,Petén,Flores,Zona 6,36303,+502 4100-6488
636,Agencia Chiquimula 636,Agencia,Chiquimula,Chiquimula,Zona 7,75897,+502 3441-2406
637,Agencia Jutiapa 637,Agencia,Jutiapa,Jutiapa,Zona 7,40331,+502 8278-3119
638,Agencia Jalapa 638,Agencia,Jalapa,Jalapa,Zona 2,13270,+502 7083-8376
639,Agencia Huehuetenango 639,Agencia,Huehuetenango,Huehuetenango,Zona 5,45086,+502 1815-5923
640,Agencia Guatemala 640,Agencia,Guatemala,Guatemala,Zona 2,60394,+502 1568-2308
641,Agencia Antigua Guatemala 641,Agencia,Sacatepéquez,Antigua Guatemala,Zona 1,91217,+502 1958-3754
642,Agencia Escuintla 642,Agencia,Escuintla,Escuintla,Zona 2,25065,+502 7272-9486
643,Agencia Quetzaltenango 643,Agencia,Quetzaltenango,Quetzaltenango,Zona 10,70963,+502 8790-7211
644,Agencia Cobán 644,Agencia,Alta Verapaz,Cobán,Zona 3,34153,+502 9125-2093
645,Agencia Flores 645,Agencia,Petén,Flores,Zona 3,97695,+502 5749-4897
646,Agencia Chiquimula 646,Agencia,Chiquimula,Chiquimula,Zona 9,39652,+502 6940-5970
647,Agencia Jutiapa 647,Agencia,Jutiapa,Jutiapa,Zona 8,99804,+502 2555-2362
648,Agencia Jalapa 648,Agencia,Jalapa,Jalapa,Zona 8,61499,+502 2950-2423
649,Agencia Huehuetenango 649,Agencia,Huehuetenango,Huehuetenango,Zona 9,98170,+502 4347-4911
650,Agencia Guatemala 650,Agencia,Guatemala,Guatemala,Zona 7,52185,+502 6555-7383
651,Agencia Antigua Guatemala 651,Agencia,Sacatepéquez,Antigua Guatemala,Zona 1,96869,+502 3511-4250
652,Agencia Escuintla 652,Agencia,Escuintla,Escuintla,Zona 7,99738,+502 8653-3300
653,Agencia Quetzaltenango 653,Agencia,Quetzaltenango,Quetzaltenango,Zona 1,39973,+502 2718-6626
654,Agencia Cobán 654,Agencia,Alta Verapaz,Cobán,Zona 1,26456,+502 8411-2537
655,Agencia Flores 655,Agencia,Petén,Flores,Zona 3,53682,+502 7516-1664
656,Agencia Chiquimula 656,Agencia,Chiquimula,Chiquimula,Zona 4,83743,+502 3365-5392
657,Agencia Jutiapa 657,Agencia,Jutiapa,Jutiapa,Zona 3,18120,+502 3817-4356
658,Agencia Jalapa 658,Agencia,Jalapa,Jalapa,Zona 7,91210,+502 9579-7408
659,Agencia Huehuetenango 659,Agencia,Huehuetenango,Huehuetenango,Zona 7,67627,+502 2652-4204
660,Agencia Guatemala 660,Agencia,Guatemala,Guatemala,Zona 4,89717,+502 7537-6864
661,Agencia Antigua Guatemala 661,Agencia,Sacatepéquez,Antigua Guatemala,Zona 5,41029,+502 7628-1104
662,Agencia Escuintla 662,Agencia,Escuintla,Escuintla,Zona 4,69496,+502 2398-7792
663,Agencia Quetzaltenango 663,Agencia,Quetzaltenango,Quetzaltenango,Zona 9,45398,+502 4755-2625
664,Agencia Cobán 664,Agencia,Alta Verapaz,Cobán,Zona 10,18757,+502 6071-1823
665,Agencia Flores 665,Agencia,Petén,Flores,Zona 3,22114,+502 2259-7951
666,Agencia Chiquimula 666,Agencia,Chiquimula,Chiquimula,Zona 1,35996,+502 8435-2640
667,Agencia Jutiapa 667,Agencia,Jutiapa,Jutiapa,Zona 10,25487,+502 8472-8866
668,Agencia Jalapa 668,Agencia,Jalapa,Jalapa,Zona 8,28029,+502 6810-7383
669,Agencia Huehuetenango 669,Agencia,Huehuetenango,Huehuetenango,Zona 8,78617,+502 5334-6593
670,Agencia Guatemala 670,Agencia,Guatemala,Guatemala,Zona 7,68309,+502 1356-1886
671,Agencia Antigua Guatemala 671,Agencia,Sacatepéquez,Antigua Guatemala,Zona 5,10648,+502 3296-4806
672,Agencia Escuintla 672,Agencia,Escuintla,Escuintla,Zona 10,53174,+502 9743-3569
673,Agencia Quetzaltenango 673,Agencia,Quetzaltenango,Quetzaltenango,Zona 1,37683,+502 4663-7464
674,Agencia Cobán 674,Agencia,Alta Verapaz,Cobán,Zona 7,74713,+502 5565-7494
675,Agencia Flores 675,Agencia,Petén,Flores,Zona 8,93293,+502 8917-5868
676,Agencia Chiquimula 676,Agencia,Chiquimula,Chiquimula,Zona 2,44523,+502 5931-6409
677,Agencia Jutiapa 677,Agencia,Jutiapa,Jutiapa,Zona 4,25019,+502 6577-5445
678,Agencia Jalapa 678,Agencia,Jalapa,Jalapa,Zona 1,36700,+502 5715-3841
679,Agencia Huehuetenango 679,Agencia,Huehuetenango,Huehuetenango,Zona 10,11617,+502 7714-7887
680,Agencia Guatemala 680,Agencia,Guatemala,Guatemala,Zona 2,87219,+502 9021-9653
681,Agencia Antigua Guatemala 681,Agencia,Sacatepéquez,Antigua Guatemala,Zona 5,81078,+502 1591-8170
682,Agencia Escuintla 682,Agencia,Escuintla,Escuintla,Zona 4,91895,+502 8114-3226
683,Agencia Quetzaltenango 683,Agencia,Quetzaltenango,Quetzaltenango,Zona 3,13056,+502 3517-5199
684,Agencia Cobán 684,Agencia,Alta Verapaz,Cobán,Zona 5,15043,+502 8117-3413
685,Agencia Flores 685,Agencia,Petén,Flores,Zona 1,76851,+502 3536-2475
686,Agencia Chiquimula 686,Agencia,Chiquimula,Chiquimula,Zona 9,58611,+502 2965-1928
687,Agencia Jutiapa 687,Agencia,Jutiapa,Jutiapa,Zona 10,98813,+502 3097-3214
688,Agencia Jalapa 688,Agencia,Jalapa,Jalapa,Zona 10,72891,+502 8591-1344
689,Agencia Huehuetenango 689,Agencia,Huehuetenango,Huehuetenango,Zona 4,54203,+502 7456-7166
690,Agencia Guatemala 690,Agencia,Guatemala,Guatemala,Zona 8,81884,+502 6306-8348
691,Agencia Antigua Guatemala 691,Agencia,Sacatepéquez,Antigua Guatemala,Zona 9,79537,+502 1411-7992
692,Agencia Escuintla 692,Agencia,Escuintla,Escuintla,Zona 2,59032,+502 2422-4162
693,Agencia Quetzaltenango 693,Agencia,Quetzaltenango,Quetzaltenango,Zona 3,95765,+502 4348-9251
694,Agencia Cobán 694,Agencia,Alta Verapaz,Cobán,Zona 1,43212,+502 3972-7840
695,Agencia Flores 695,Agencia,Petén,Flores,Zona 1,19820,+502 8471-8768
696,Agencia Chiquimula 696,Agencia,Chiquimula,Chiquimula,Zona 2,48908,+502 3628-9721
697,Agencia Jutiapa 697,Agencia,Jutiapa,Jutiapa,Zona 4,10370,+502 6844-5091
698,Agencia Jalapa 698,Agencia,Jalapa,Jalapa,Zona 6,47747,+502 7660-7355
699,Agencia Huehuetenango 699,Agencia,Huehuetenango,Huehuetenango,Zona 3,20942,+502 5332-7871
700,Agencia Guatemala 700,Agencia,Guatemala,Guatemala,Zona 8,74834,+502 1857-7014
701,Agencia Antigua Guatemala 701,Agencia,Sacatepéquez,Antigua Guatemala,Zona 9,69817,+502 9553-5888
702,Agencia Escuintla 702,Agencia,Escuintla,Escuintla,Zona 6,97626,+502 3876-2548
703,Agencia Quetzaltenango 703,Agencia,Quetzaltenango,Quetzaltenango,Zona 10,61790,+502 4142-3202
704,Agencia Cobán 704,Agencia,Alta Verapaz,Cobán,Zona 9,19601,+502 5217-9099
705,Agencia Flores 705,Agencia,Petén,Flores,Zona 3,63738,+502 1355-6327
706,Agencia Chiquimula 706,Agencia,Chiquimula,Chiquimula,Zona 9,80938,+502 6423-3853
707,Agencia Jutiapa 707,Agencia,Jutiapa,Jutiapa,Zona 10,15657,+502 2907-1362
708,Agencia Jalapa 708,Agencia,Jalapa,Jalapa,Zona 8,93195,+502 2432-1929
709,Agencia Huehuetenango 709,Agencia,Huehuetenango,Huehuetenango,Zona 7,55325,+502 8145-1955
710,Agencia Guatemala 710,Agencia,Guatemala,Guatemala,Zona 2,70763,+502 7916-9903
711,Agencia Antigua Guatemala 711,Agencia,Sacatepéquez,Antigua Guatemala,Zona 9,91465,+502 2198-1488
712,Agencia Escuintla 712,Agencia,Escuintla,Escuintla,Zona 3,41324,+502 6846-6751
713,Agencia Quetzaltenango 713,Agencia,Quetzaltenango,Quetzaltenango,Zona 2,57606,+502 4816-7312
714,Agencia Cobán 714,Agencia,Alta Verapaz,Cobán,Zona 1,53024,+502 4299-8560
715,Agencia Flores 715,Agencia,Petén,Flores,Zona 10,62356,+502 2124-3035
716,Agencia Chiquimula 716,Agencia,Chiquimula,Chiquimula,Zona 9,20750,+502 8719-5751
717,Agencia Jutiapa 717,Agencia,Jutiapa,Jutiapa,Zona 7,55617,+502 5367-4021
718,Agencia Jalapa 718,Agencia,Jalapa,Jalapa,Zona 5,67955,+502 6696-8844
719,Agencia Huehuetenango 719,Agencia,Huehuetenango,Huehuetenango,Zona 10,99693,+502 7672-4349
720,Agencia Guatemala 720,Agencia,Guatemala,Guatemala,Zona 3,47737,+502 8775-7235
721,Agencia Antigua Guatemala 721,Agencia,Sacatepéquez,Antigua Guatemala,Zona 5,28150,+502 9690-6655
722,Agencia Escuintla 722,Agencia,Escuintla,Escuintla,Zona 5,51242,+502 8453-3265
723,Agencia Quetzaltenango 723,Agencia,Quetzaltenango,Quetzaltenango,Zona 8,10897,+502 4668-8559
724,Agencia Cobán 724,Agencia,Alta Verapaz,Cobán,Zona 2,40654,+502 1232-9671
725,Agencia Flores 725,Agencia,Petén,Flores,Zona 2,26816,+502 2163-7091
726,Agencia Chiquimula 726,Agencia,Chiquimula,Chiquimula,Zona 8,90186,+502 9021-6863
727,Agencia Jutiapa 727,Agencia,Jutiapa,Jutiapa,Zona 6,32948,+502 9051-6798
728,Agencia Jalapa 728,Agencia,Jalapa,Jalapa,Zona 3,94724,+502 8491-7402
729,Agencia Huehuetenango 729,Agencia,Huehuetenango,Huehuetenango,Zona 10,40406,+502 7932-1666
730,Agencia Guatemala 730,Agencia,Guatemala,Guatemala,Zona 10,33289,+502 3603-5590
731,Agencia Antigua Guatemala 731,Agencia,Sacatepéquez,Antigua Guatemala,Zona 9,96545,+502 9995-6525
732,Agencia Escuintla 732,Agencia,Escuintla,Escuintla,Zona 1,38981,+502 6104-1360
733,Agencia Quetzaltenango 733,Agencia,Quetzaltenango,Quetzaltenango,Zona 4,20676,+502 1113-4411
734,Agencia Cobán 734,Agencia,Alta Verapaz,Cobán,Zona 6,67473,+502 6240-5309
735,Agencia Flores 735,Agencia,Petén,Flores,Zona 5,93974,+502 5926-8045
736,Agencia Chiquimula 736,Agencia,Chiquimula,Chiquimula,Zona 5,12157,+502 8098-8449
737,Agencia Jutiapa 737,Agencia,Jutiapa,Jutiapa,Zona 10,51911,+502 6157-5027
738,Agencia Jalapa 738,Agencia,Jalapa,Jalapa,Zona 2,66396,+502 8688-9151
739,Agencia Huehuetenango 739,Agencia,Huehuetenango,Huehuetenango,Zona 7,39816,+502 4001-9365
740,Agencia Guatemala 740,Agencia,Guatemala,Guatemala,Zona 8,34327,+502 1533-5886
741,Agencia Antigua Guatemala 741,Agencia,Sacatepéquez,Antigua Guatemala,Zona 10,96767,+502 3335-2597
742,Agencia Escuintla 742,Agencia,Escuintla,Escuintla,Zona 6,17121,+502 2854-9331
743,Agencia Quetzaltenango 743,Agencia,Quetzaltenango,Quetzaltenango,Zona 10,41326,+502 9991-3504
744,Agencia Cobán 744,Agencia,Alta Verapaz,Cobán,Zona 2,83141,+502 1131-5397
745,Agencia Flores 745,Agencia,Petén,Flores,Zona 2,90089,+502 6567-4013
746,Agencia Chiquimula 746,Agencia,Chiquimula,Chiquimula,Zona 4,91922,+502 4001-6960
747,Agencia Jutiapa 747,Agencia,Jutiapa,Jutiapa,Zona 4,50721,+502 5714-3998
748,Agencia Jalapa 748,Agencia,Jalapa,Jalapa,Zona 5,25105,+502 6542-6885
749,Agencia Huehuetenango 749,Agencia,Huehuetenango,Huehuetenango,Zona 1,65864,+502 9842-5752
750,Agencia Guatemala 750,Agencia,Guatemala,Guatemala,Zona 2,41826,+502 9091-6714
751,Agencia Antigua Guatemala 751,Agencia,Sacatepéquez,Antigua Guatemala,Zona 9,62205,+502 4603-7891
752,Agencia Escuintla 752,Agencia,Escuintla,Escuintla,Zona 7,23540,+502 8375-8013
753,Agencia Quetzaltenango 753,Agencia,Quetzaltenango,Quetzaltenango,Zona 5,12834,+502 9737-1610
754,Agencia Cobán 754,Agencia,Alta Verapaz,Cobán,Zona 8,58538,+502 3099-4166
755,Agencia Flores 755,Agencia,Petén,Flores,Zona 1,54565,+502 4339-6272
756,Agencia Chiquimula 756,Agencia,Chiquimula,Chiquimula,Zona 4,79940,+502 4391-3180
757,Agencia Jutiapa 757,Agencia,Jutiapa,Jutiapa,Zona 2,31962,+502 4851-9960
758,Agencia Jalapa 758,Agencia,Jalapa,Jalapa,Zona 5,32424,+502 7985-4641
759,Agencia Huehuetenango 759,Agencia,Huehuetenango,Huehuetenango,Zona 1,16793,+502 2700-1744
760,Agencia Guatemala 760,Agencia,Guatemala,Guatemala,Zona 3,46921,+502 1525-3164
761,Agencia Antigua Guatemala 761,Agencia,Sacatepéquez,Antigua Guatemala,Zona 7,20028,+502 8193-4750
762,Agencia Escuintla 762,Agencia,Escuintla,Escuintla,Zona 1,25793,+502 7835-2806
763,Agencia Quetzaltenango 763,Agencia,Quetzaltenango,Quetzaltenango,Zona 8,57395,+502 2045-6483
764,Agencia Cobán 764,Agencia,Alta Verapaz,Cobán,Zona 6,76742,+502 8783-1437
765,Agencia Flores 765,Agencia,Petén,Flores,Zona 9,67431,+502 7196-7534
766,Agencia Chiquimula 766,Agencia,Chiquimula,Chiquimula,Zona 5,96075,+502 5553-7479
767,Agencia Jutiapa 767,Agencia,Jutiapa,Jutiapa,Zona 5,76484,+502 3467-8620
768,Agencia Jalapa 768,Agencia,Jalapa,Jalapa,Zona 4,24141,+502 7810-1713
769,Agencia Huehuetenango 769,Agencia,Huehuetenango,Huehuetenango,Zona 2,22835,+502 1364-1386
770,Agencia Guatemala 770,Agencia,Guatemala,Guatemala,Zona 2,97540,+502 4202-3002
771,Agencia Antigua Guatemala 771,Agencia,Sacatepéquez,Antigua Guatemala,Zona 4,10253,+502 7366-5832
772,Agencia Escuintla 772,Agencia,Escuintla,Escuintla,Zona 4,75727,+502 9786-2425
773,Agencia Quetzaltenango 773,Agencia,Quetzaltenango,Quetzaltenango,Zona 3,24679,+502 2727-8153
774,Agencia Cobán 774,Agencia,Alta Verapaz,Cobán,Zona 3,72829,+502 7734-7522
775,Agencia Flores 775,Agencia,Petén,Flores,Zona 4,73632,+502 2703-1444
776,Agencia Chiquimula 776,Agencia,Chiquimula,Chiquimula,Zona 6,44685,+502 8798-1153
777,Agencia Jutiapa 777,Agencia,Jutiapa,Jutiapa,Zona 10,68982,+502 8158-6069
778,Agencia Jalapa 778,Agencia,Jalapa,Jalapa,Zona 4,19720,+502 3111-7909
779,Agencia Huehuetenango 779,Agencia,Huehuetenango,Huehuetenango,Zona 10,62530,+502 5898-2499
780,Agencia Guatemala 780,Agencia,Guatemala,Guatemala,Zona 9,55965,+502 8791-2720
781,Agencia Antigua Guatemala 781,Agencia,Sacatepéquez,Antigua Guatemala,Zona 2,66602,+502 5368-2816
782,Agencia Escuintla 782,Agencia,Escuintla,Escuintla,Zona 6,39953,+502 5442-5679
783,Agencia Quetzaltenango 783,Agencia,Quetzaltenango,Quetzaltenango,Zona 2,18843,+502 4749-4242
784,Agencia Cobán 784,Agencia,Alta Verapaz,Cobán,Zona 8,97027,+502 6859-4377
785,Agencia Flores 785,Agencia,Petén,Flores,Zona 8,19916,+502 9680-8314
786,Agencia Chiquimula 786,Agencia,Chiquimula,Chiquimula,Zona 5,59822,+502 1460-7624
787,Agencia Jutiapa 787,Agencia,Jutiapa,Jutiapa,Zona 4,41012,+502 3585-2864
788,Agencia Jalapa 788,Agencia,Jalapa,Jalapa,Zona 4,76283,+502 1783-6877
789,Agencia Huehuetenango 789,Agencia,Huehuetenango,Huehuetenango,Zona 3,20782,+502 1906-6660
790,Agencia Guatemala 790,Agencia,Guatemala,Guatemala,Zona 3,71178,+502 7542-7939
791,Agencia Antigua Guatemala 791,Agencia,Sacatepéquez,Antigua Guatemala,Zona 5,64862,+502 4801-2887
792,Agencia Escuintla 792,Agencia,Escuintla,Escuintla,Zona 6,91322,+502 6021-8140
793,Agencia Quetzaltenango 793,Agencia,Quetzaltenango,Quetzaltenango,Zona 4,53894,+502 8810-1458
794,Agencia Cobán 794,Agencia,Alta Verapaz,Cobán,Zona 10,12088,+502 1383-5403
795,Agencia Flores 795,Agencia,Petén,Flores,Zona 6,48541,+502 8026-6040
796,Agencia Chiquimula 796,Agencia,Chiquimula,Chiquimula,Zona 4,58737,+502 7490-2028
797,Agencia Jutiapa 797,Agencia,Jutiapa,Jutiapa,Zona 6,46500,+502 7024-5614
798,Agencia Jalapa 798,Agencia,Jalapa,Jalapa,Zona 6,46608,+502 5259-5596
799,Agencia Huehuetenango 799,Agencia,Huehuetenango,Huehuetenango,Zona 2,68956,+502 2775-2981
800,Agencia Guatemala 800,Agencia,Guatemala,Guatemala,Zona 7,11047,+502 1337-6097
801,Agencia Antigua Guatemala 801,Agencia,Sacatepéquez,Antigua Guatemala,Zona 10,91174,+502 3566-5339
802,Agencia Escuintla 802,Agencia,Escuintla,Escuintla,Zona 5,70104,+502 6238-9684
803,Agencia Quetzaltenango 803,Agencia,Quetzaltenango,Quetzaltenango,Zona 3,79385,+502 3750-1329
804,Agencia Cobán 804,Agencia,Alta Verapaz,Cobán,Zona 9,83876,+502 5874-2085
805,Agencia Flores 805,Agencia,Petén,Flores,Zona 2,47749,+502 1711-6653
806,Agencia Chiquimula 806,Agencia,Chiquimula,Chiquimula,Zona 2,75015,+502 5908-9751
807,Agencia Jutiapa 807,Agencia,Jutiapa,Jutiapa,Zona 3,39270,+502 7610-8143
808,Agencia Jalapa 808,Agencia,Jalapa,Jalapa,Zona 3,52468,+502 9488-7442
809,Agencia Huehuetenango 809,Agencia,Huehuetenango,Huehuetenango,Zona 2,32209,+502 5690-4974
810,Agencia Guatemala 810,Agencia,Guatemala,Guatemala,Zona 6,98381,+502 8525-4635
811,Agencia Antigua Guatemala 811,Agencia,Sacatepéquez,Antigua Guatemala,Zona 6,65763,+502 2301-6913
812,Agencia Escuintla 812,Agencia,Escuintla,Escuintla,Zona 10,67902,+502 5267-5762
813,Agencia Quetzaltenango 813,Agencia,Quetzaltenango,Quetzaltenango,Zona 10,26421,+502 2326-7047
814,Agencia Cobán 814,Agencia,Alta Verapaz,Cobán,Zona 2,18608,+502 8639-1798
815,Agencia Flores 815,Agencia,Petén,Flores,Zona 10,96422,+502 3467-7195
816,Agencia Chiquimula 816,Agencia,Chiquimula,Chiquimula,Zona 9,23176,+502 1214-2281
817,Agencia Jutiapa 817,Agencia,Jutiapa,Jutiapa,Zona 8,84341,+502 2746-4262
818,Agencia Jalapa 818,Agencia,Jalapa,Jalapa,Zona 10,24719,+502 3527-6558
819,Agencia Huehuetenango 819,Agencia,Huehuetenango,Huehuetenango,Zona 6,19625,+502 4255-2532
820,Agencia Guatemala 820,Agencia,Guatemala,Guatemala,Zona 5,86604,+502 7934-3933
821,Agencia Antigua Guatemala 821,Agencia,Sacatepéquez,Antigua Guatemala,Zona 5,94695,+502 9636-4892
822,Agencia Escuintla 822,Agencia,Escuintla,Escuintla,Zona 6,70352,+502 2660-8843
823,Agencia Quetzaltenango 823,Agencia,Quetzaltenango,Quetzaltenango,Zona 8,22393,+502 6889-4831
824,Agencia Cobán 824,Agencia,Alta Verapaz,Cobán,Zona 3,14581,+502 5797-5958
825,Agencia Flores 825,Agencia,Petén,Flores,Zona 3,62955,+502 7027-1479
826,Agencia Chiquimula 826,Agencia,Chiquimula,Chiquimula,Zona 10,87479,+502 4131-7885
827,Agencia Jutiapa 827,Agencia,Jutiapa,Jutiapa,Zona 7,64308,+502 8416-8237
828,Agencia Jalapa 828,Agencia,Jalapa,Jalapa,Zona 3,30460,+502 4500-7399
829,Agencia Huehuetenango 829,Agencia,Huehuetenango,Huehuetenango,Zona 4,84679,+502 5206-6748
830,Agencia Guatemala 830,Agencia,Guatemala,Guatemala,Zona 6,20179,+502 9946-3275
831,Agencia Antigua Guatemala 831,Agencia,Sacatepéquez,Antigua Guatemala,Zona 4,21998,+502 2952-5225
832,Agencia Escuintla 832,Agencia,Escuintla,Escuintla,Zona 8,21781,+502 4492-4895
833,Agencia Quetzaltenango 833,Agencia,Quetzaltenango,Quetzaltenango,Zona 10,12945,+502 6090-8961
834,Agencia Cobán 834,Agencia,Alta Verapaz,Cobán,Zona 3,58350,+502 7085-9755
835,Agencia Flores 835,Agencia,Petén,Flores,Zona 5,73744,+502 6849-2020
836,Agencia Chiquimula 836,Agencia,Chiquimula,Chiquimula,Zona 5,45237,+502 7467-1778
837,Agencia Jutiapa 837,Agencia,Jutiapa,Jutiapa,Zona 3,30626,+502 1115-6752
838,Agencia Jalapa 838,Agencia,Jalapa,Jalapa,Zona 5,35545,+502 2008-5474
839,Agencia Huehuetenango 839,Agencia,Huehuetenango,Huehuetenango,Zona 9,66366,+502 7372-3285
840,Agencia Guatemala 840,Agencia,Guatemala,Guatemala,Zona 2,48492,+502 8586-1779
841,Agencia Antigua Guatemala 841,Agencia,Sacatepéquez,Antigua Guatemala,Zona 3,96501,+502 1320-2848
842,Agencia Escuintla 842,Agencia,Escuintla,Escuintla,Zona 8,31749,+502 4168-5742
843,Agencia Quetzaltenango 843,Agencia,Quetzaltenango,Quetzaltenango,Zona 5,59866,+502 2935-4186
844,Agencia Cobán 844,Agencia,Alta Verapaz,Cobán,Zona 9,71199,+502 8585-4003
845,Agencia Flores 845,Agencia,Petén,Flores,Zona 4,64588,+502 4409-2289
846,Agencia Chiquimula 846,Agencia,Chiquimula,Chiquimula,Zona 10,78156,+502 5275-2134
847,Agencia Jutiapa 847,Agencia,Jutiapa,Jutiapa,Zona 3,46436,+502 2082-2546
848,Agencia Jalapa 848,Agencia,Jalapa,Jalapa,Zona 8,54536,+502 5997-4439
849,Agencia Huehuetenango 849,Agencia,Huehuetenango,Huehuetenango,Zona 4,54326,+502 7960-5641
850,Agencia Guatemala 850,Agencia,Guatemala,Guatemala,Zona 8,55242,+502 4909-5965
851,Agencia Antigua Guatemala 851,Agencia,Sacatepéquez,Antigua Guatemala,Zona 7,49869,+502 5995-6086
852,Agencia Escuintla 852,Agencia,Escuintla,Escuintla,Zona 9,83374,+502 6583-4279
853,Agencia Quetzaltenango 853,Agencia,Quetzaltenango,Quetzaltenango,Zona 6,18414,+502 6074-9768
854,Agencia Cobán 854,Agencia,Alta Verapaz,Cobán,Zona 1,70641,+502 1041-2202
855,Agencia Flores 855,Agencia,Petén,Flores,Zona 10,88606,+502 7174-3856
856,Agencia Chiquimula 856,Agencia,Chiquimula,Chiquimula,Zona 8,50902,+502 5408-7332
857,Agencia Jutiapa 857,Agencia,Jutiapa,Jutiapa,Zona 2,49956,+502 5619-7610
858,Agencia Jalapa 858,Agencia,Jalapa,Jalapa,Zona 4,91291,+502 5427-6574
859,Agencia Huehuetenango 859,Agencia,Huehuetenango,Huehuetenango,Zona 1,27426,+502 6753-4623
860,Agencia Guatemala 860,Agencia,Guatemala,Guatemala,Zona 9,41098,+502 6096-1876
861,Agencia Antigua Guatemala 861,Agencia,Sacatepéquez,Antigua Guatemala,Zona 10,21569,+502 5156-8621
862,Agencia Escuintla 862,Agencia,Escuintla,Escuintla,Zona 2,64030,+502 1103-5499
863,Agencia Quetzaltenango 863,Agencia,Quetzaltenango,Quetzaltenango,Zona 4,39554,+502 1514-5405
864,Agencia Cobán 864,Agencia,Alta Verapaz,Cobán,Zona 1,92903,+502 2464-7509
865,Agencia Flores 865,Agencia,Petén,Flores,Zona 8,23920,+502 9905-3117
866,Agencia Chiquimula 866,Agencia,Chiquimula,Chiquimula,Zona 2,51730,+502 1229-1311
867,Agencia Jutiapa 867,Agencia,Jutiapa,Jutiapa,Zona 9,22030,+502 3924-5641
868,Agencia Jalapa 868,Agencia,Jalapa,Jalapa,Zona 7,73080,+502 4598-8839
869,Agencia Huehuetenango 869,Agencia,Huehuetenango,Huehuetenango,Zona 8,33124,+502 1442-7583
870,Agencia Guatemala 870,Agencia,Guatemala,Guatemala,Zona 9,41696,+502 2803-2050
871,Agencia Antigua Guatemala 871,Agencia,Sacatepéquez,Antigua Guatemala,Zona 2,67068,+502 4504-2297
872,Agencia Escuintla 872,Agencia,Escuintla,Escuintla,Zona 2,25273,+502 4823-2343
873,Agencia Quetzaltenango 873,Agencia,Quetzaltenango,Quetzaltenango,Zona 8,44720,+502 8681-8618
874,Agencia Cobán 874,Agencia,Alta Verapaz,Cobán,Zona 5,40315,+502 9578-9213
875,Agencia Flores 875,Agencia,Petén,Flores,Zona 4,64447,+502 8218-7019
876,Agencia Chiquimula 876,Agencia,Chiquimula,Chiquimula,Zona 10,45895,+502 2147-8320
877,Agencia Jutiapa 877,Agencia,Jutiapa,Jutiapa,Zona 8,26757,+502 9188-7444
878,Agencia Jalapa 878,Agencia,Jalapa,Jalapa,Zona 3,65053,+502 8444-1701
879,Agencia Huehuetenango 879,Agencia,Huehuetenango,Huehuetenango,Zona 5,68568,+502 4689-1154
880,Agencia Guatemala 880,Agencia,Guatemala,Guatemala,Zona 9,61836,+502 2554-8806
881,Agencia Antigua Guatemala 881,Agencia,Sacatepéquez,Antigua Guatemala,Zona 3,32675,+502 3008-9197
882,Agencia Escuintla 882,Agencia,Escuintla,Escuintla,Zona 1,98205,+502 6746-6086
883,Agencia Quetzaltenango 883,Agencia,Quetzaltenango,Quetzaltenango,Zona 5,33694,+502 8361-1755
884,Agencia Cobán 884,Agencia,Alta Verapaz,Cobán,Zona 10,12989,+502 6691-2186
885,Agencia Flores 885,Agencia,Petén,Flores,Zona 7,63547,+502 8159-7001
886,Agencia Chiquimula 886,Agencia,Chiquimula,Chiquimula,Zona 5,75233,+502 1087-2738
887,Agencia Jutiapa 887,Agencia,Jutiapa,Jutiapa,Zona 10,60889,+502 2921-8685
888,Agencia Jalapa 888,Agencia,Jalapa,Jalapa,Zona 10,43099,+502 8944-6834
889,Agencia Huehuetenango 889,Agencia,Huehuetenango,Huehuetenango,Zona 7,87556,+502 5505-1374
890,Agencia Guatemala 890,Agencia,Guatemala,Guatemala,Zona 3,53530,+502 5989-7694
891,Agencia Antigua Guatemala 891,Agencia,Sacatepéquez,Antigua Guatemala,Zona 3,54809,+502 5257-1237
892,Agencia Escuintla 892,Agencia,Escuintla,Escuintla,Zona 10,27491,+502 4966-2193
893,Agencia Quetzaltenango 893,Agencia,Quetzaltenango,Quetzaltenango,Zona 2,31006,+502 5435-8676
894,Agencia Cobán 894,Agencia,Alta Verapaz,Cobán,Zona 4,13688,+502 2953-4344
895,Agencia Flores 895,Agencia,Petén,Flores,Zona 4,81143,+502 4133-5677
896,Agencia Chiquimula 896,Agencia,Chiquimula,Chiquimula,Zona 2,95919,+502 8086-9890
897,Agencia Jutiapa 897,Agencia,Jutiapa,Jutiapa,Zona 2,13728,+502 7106-8635
898,Agencia Jalapa 898,Agencia,Jalapa,Jalapa,Zona 4,94737,+502 6096-7599
899,Agencia Huehuetenango 899,Agencia,Huehuetenango,Huehuetenango,Zona 6,41168,+502 8044-7858
900,Agencia Guatemala 900,Agencia,Guatemala,Guatemala,Zona 5,98936,+502 8331-9050
901,Agencia Antigua Guatemala 901,Agencia,Sacatepéquez,Antigua Guatemala,Zona 1,15616,+502 7618-4276
902,Agencia Escuintla 902,Agencia,Escuintla,Escuintla,Zona 3,20305,+502 4941-8434
903,Agencia Quetzaltenango 903,Agencia,Quetzaltenango,Quetzaltenango,Zona 1,76205,+502 2658-9295
904,Agencia Cobán 904,Agencia,Alta Verapaz,Cobán,Zona 6,64442,+502 7766-4660
905,Agencia Flores 905,Agencia,Petén,Flores,Zona 10,98524,+502 5745-3016
906,Agencia Chiquimula 906,Agencia,Chiquimula,Chiquimula,Zona 8,63206,+502 9099-2951
907,Agencia Jutiapa 907,Agencia,Jutiapa,Jutiapa,Zona 10,52803,+502 6292-7945
908,Agencia Jalapa 908,Agencia,Jalapa,Jalapa,Zona 2,91664,+502 8987-6179
909,Agencia Huehuetenango 909,Agencia,Huehuetenango,Huehuetenango,Zona 3,80069,+502 5649-8129
910,Agencia Guatemala 910,Agencia,Guatemala,Guatemala,Zona 3,42653,+502 9079-5168
911,Agencia Antigua Guatemala 911,Agencia,Sacatepéquez,Antigua Guatemala,Zona 3,19332,+502 9233-2553
912,Agencia Escuintla 912,Agencia,Escuintla,Escuintla,Zona 5,30122,+502 9862-5684
913,Agencia Quetzaltenango 913,Agencia,Quetzaltenango,Quetzaltenango,Zona 5,32407,+502 7445-5813
914,Agencia Cobán 914,Agencia,Alta Verapaz,Cobán,Zona 9,93252,+502 4371-9052
915,Agencia Flores 915,Agencia,Petén,Flores,Zona 10,98406,+502 2496-1062
916,Agencia Chiquimula 916,Agencia,Chiquimula,Chiquimula,Zona 3,91865,+502 1278-4471
917,Agencia Jutiapa 917,Agencia,Jutiapa,Jutiapa,Zona 3,72279,+502 5311-9430
918,Agencia Jalapa 918,Agencia,Jalapa,Jalapa,Zona 1,92716,+502 2975-7685
919,Agencia Huehuetenango 919,Agencia,Huehuetenango,Huehuetenango,Zona 3,43437,+502 2531-2253
920,Agencia Guatemala 920,Agencia,Guatemala,Guatemala,Zona 2,16175,+502 6693-5094
921,Agencia Antigua Guatemala 921,Agencia,Sacatepéquez,Antigua Guatemala,Zona 7,16971,+502 6673-5878
922,Agencia Escuintla 922,Agencia,Escuintla,Escuintla,Zona 4,55466,+502 9247-7160
923,Agencia Quetzaltenango 923,Agencia,Quetzaltenango,Quetzaltenango,Zona 7,94043,+502 2457-3795
924,Agencia Cobán 924,Agencia,Alta Verapaz,Cobán,Zona 1,29360,+502 2746-4120
925,Agencia Flores 925,Agencia,Petén,Flores,Zona 6,82624,+502 8689-1699
926,Agencia Chiquimula 926,Agencia,Chiquimula,Chiquimula,Zona 6,86400,+502 3917-6502
927,Agencia Jutiapa 927,Agencia,Jutiapa,Jutiapa,Zona 4,85681,+502 5692-6482
928,Agencia Jalapa 928,Agencia,Jalapa,Jalapa,Zona 3,32833,+502 2043-4957
929,Agencia Huehuetenango 929,Agencia,Huehuetenango,Huehuetenango,Zona 1,54034,+502 7972-8291
930,Agencia Guatemala 930,Agencia,Guatemala,Guatemala,Zona 8,90676,+502 6836-9398
931,Agencia Antigua Guatemala 931,Agencia,Sacatepéquez,Antigua Guatemala,Zona 3,60860,+502 4042-3757
932,Agencia Escuintla 932,Agencia,Escuintla,Escuintla,Zona 2,70432,+502 8141-3097
933,Agencia Quetzaltenango 933,Agencia,Quetzaltenango,Quetzaltenango,Zona 3,32360,+502 4954-5800
934,Agencia Cobán 934,Agencia,Alta Verapaz,Cobán,Zona 4,73801,+502 5399-8665
935,Agencia Flores 935,Agencia,Petén,Flores,Zona 10,63840,+502 3689-8022
936,Agencia Chiquimula 936,Agencia,Chiquimula,Chiquimula,Zona 1,98834,+502 4394-3617
937,Agencia Jutiapa 937,Agencia,Jutiapa,Jutiapa,Zona 4,96804,+502 9704-4912
938,Agencia Jalapa 938,Agencia,Jalapa,Jalapa,Zona 4,24817,+502 2078-5458
939,Agencia Huehuetenango 939,Agencia,Huehuetenango,Huehuetenango,Zona 8,54517,+502 7160-3481
940,Agencia Guatemala 940,Agencia,Guatemala,Guatemala,Zona 4,89355,+502 5704-5661
941,Agencia Antigua Guatemala 941,Agencia,Sacatepéquez,Antigua Guatemala,Zona 9,96415,+502 2710-1321
942,Agencia Escuintla 942,Agencia,Escuintla,Escuintla,Zona 6,33438,+502 9596-2899
943,Agencia Quetzaltenango 943,Agencia,Quetzaltenango,Quetzaltenango,Zona 3,60694,+502 2067-4491
944,Agencia Cobán 944,Agencia,Alta Verapaz,Cobán,Zona 8,92850,+502 8065-5786
945,Agencia Flores 945,Agencia,Petén,Flores,Zona 2,63129,+502 9358-4445
946,Agencia Chiquimula 946,Agencia,Chiquimula,Chiquimula,Zona 6,92759,+502 5957-4478
947,Agencia Jutiapa 947,Agencia,Jutiapa,Jutiapa,Zona 5,64529,+502 8743-6591
948,Agencia Jalapa 948,Agencia,Jalapa,Jalapa,Zona 8,72808,+502 2941-4475
949,Agencia Huehuetenango 949,Agencia,Huehuetenango,Huehuetenango,Zona 3,99004,+502 9805-2607
950,Agencia Guatemala 950,Agencia,Guatemala,Guatemala,Zona 7,39937,+502 5974-5604
951,Agencia Antigua Guatemala 951,Agencia,Sacatepéquez,Antigua Guatemala,Zona 1,24674,+502 1478-3882
952,Agencia Escuintla 952,Agencia,Escuintla,Escuintla,Zona 7,37410,+502 7712-3552
953,Agencia Quetzaltenango 953,Agencia,Quetzaltenango,Quetzaltenango,Zona 1,64626,+502 8079-7639
954,Agencia Cobán 954,Agencia,Alta Verapaz,Cobán,Zona 6,44765,+502 5522-7104
955,Agencia Flores 955,Agencia,Petén,Flores,Zona 2,20069,+502 8501-4832
956,Agencia Chiquimula 956,Agencia,Chiquimula,Chiquimula,Zona 7,49127,+502 8421-1868
957,Agencia Jutiapa 957,Agencia,Jutiapa,Jutiapa,Zona 9,78783,+502 5770-4776
958,Agencia Jalapa 958,Agencia,Jalapa,Jalapa,Zona 8,14399,+502 3997-1832
959,Agencia Huehuetenango 959,Agencia,Huehuetenango,Huehuetenango,Zona 3,88391,+502 9739-4766
960,Agencia Guatemala 960,Agencia,Guatemala,Guatemala,Zona 2,81204,+502 9635-3961
961,Agencia Antigua Guatemala 961,Agencia,Sacatepéquez,Antigua Guatemala,Zona 9,21817,+502 7093-1061
962,Agencia Escuintla 962,Agencia,Escuintla,Escuintla,Zona 7,62164,+502 5851-2134
963,Agencia Quetzaltenango 963,Agencia,Quetzaltenango,Quetzaltenango,Zona 9,44940,+502 4367-9327
964,Agencia Cobán 964,Agencia,Alta Verapaz,Cobán,Zona 2,11235,+502 2428-5666
965,Agencia Flores 965,Agencia,Petén,Flores,Zona 7,28003,+502 2085-8640
966,Agencia Chiquimula 966,Agencia,Chiquimula,Chiquimula,Zona 3,62637,+502 9048-6292
967,Agencia Jutiapa 967,Agencia,Jutiapa,Jutiapa,Zona 9,64569,+502 3832-6291
968,Agencia Jalapa 968,Agencia,Jalapa,Jalapa,Zona 8,50442,+502 9737-3816
969,Agencia Huehuetenango 969,Agencia,Huehuetenango,Huehuetenango,Zona 2,54349,+502 8523-3713
970,Agencia Guatemala 970,Agencia,Guatemala,Guatemala,Zona 8,66805,+502 8084-1638
971,Agencia Antigua Guatemala 971,Agencia,Sacatepéquez,Antigua Guatemala,Zona 1,60352,+502 6009-4226
972,Agencia Escuintla 972,Agencia,Escuintla,Escuintla,Zona 2,19504,+502 5926-8989
973,Agencia Quetzaltenango 973,Agencia,Quetzaltenango,Quetzaltenango,Zona 3,39505,+502 5162-3348
974,Agencia Cobán 974,Agencia,Alta Verapaz,Cobán,Zona 6,70543,+502 3440-5254
975,Agencia Flores 975,Agencia,Petén,Flores,Zona 9,94482,+502 9951-1868
976,Agencia Chiquimula 976,Agencia,Chiquimula,Chiquimula,Zona 5,43905,+502 9972-6350
977,Agencia Jutiapa 977,Agencia,Jutiapa,Jutiapa,Zona 6,28253,+502 2559-3443
978,Agencia Jalapa 978,Agencia,Jalapa,Jalapa,Zona 6,58102,+502 2855-2360
979,Agencia Huehuetenango 979,Agencia,Huehuetenango,Huehuetenango,Zona 10,38134,+502 6911-9160
980,Agencia Guatemala 980,Agencia,Guatemala,Guatemala,Zona 5,79613,+502 8587-4159
981,Agencia Antigua Guatemala 981,Agencia,Sacatepéquez,Antigua Guatemala,Zona 2,83376,+502 2663-9149
982,Agencia Escuintla 982,Agencia,Escuintla,Escuintla,Zona 6,54452,+502 8341-7720
983,Agencia Quetzaltenango 983,Agencia,Quetzaltenango,Quetzaltenango,Zona 7,87011,+502 1202-1948
984,Agencia Cobán 984,Agencia,Alta Verapaz,Cobán,Zona 8,50889,+502 3555-8959
985,Agencia Flores 985,Agencia,Petén,Flores,Zona 6,28919,+502 8348-6272
986,Agencia Chiquimula 986,Agencia,Chiquimula,Chiquimula,Zona 8,65144,+502 3725-3963
987,Agencia Jutiapa 987,Agencia,Jutiapa,Jutiapa,Zona 4,86900,+502 6852-1602
988,Agencia Jalapa 988,Agencia,Jalapa,Jalapa,Zona 1,14878,+502 1926-2814
989,Agencia Huehuetenango 989,Agencia,Huehuetenango,Huehuetenango,Zona 9,54174,+502 6749-9290
990,Agencia Guatemala 990,Agencia,Guatemala,Guatemala,Zona 6,95921,+502 7366-5545
991,Agencia Antigua Guatemala 991,Agencia,Sacatepéquez,Antigua Guatemala,Zona 2,71170,+502 1408-8159
992,Agencia Escuintla 992,Agencia,Escuintla,Escuintla,Zona 3,25161,+502 5205-9067
993,Agencia Quetzaltenango 993,Agencia,Quetzaltenango,Quetzaltenango,Zona 3,96659,+502 1342-2433
994,Agencia Cobán 994,Agencia,Alta Verapaz,Cobán,Zona 4,52868,+502 5128-7733
995,Agencia Flores 995,Agencia,Petén,Flores,Zona 8,51669,+502 5197-7676
996,Agencia Chiquimula 996,Agencia,Chiquimula,Chiquimula,Zona 5,77399,+502 1761-7770
997,Agencia Jutiapa 997,Agencia,Jutiapa,Jutiapa,Zona 6,54523,+502 5813-6080
998,Agencia Jalapa 998,Agencia,Jalapa,Jalapa,Zona 4,20070,+502 5660-3933
999,Agencia Huehuetenango 999,Agencia,Huehuetenango,Huehuetenango,Zona 4,39558,+502 9113-1853
1000,Agencia Guatemala 1000,Agencia,Guatemala,Guatemala,Zona 5,55475,+502 3670-8837
1001,Agencia Antigua Guatemala 1001,Agencia,Sacatepéquez,Antigua Guatemala,Zona 1,28097,+502 2720-9701
1002,Agencia Escuintla 1002,Agencia,Escuintla,Escuintla,Zona 3,81798,+502 1950-3266
1003,Agencia Quetzaltenango 1003,Agencia,Quetzaltenango,Quetzaltenango,Zona 9,47005,+502 3095-3527
1004,Agencia Cobán 1004,Agencia,Alta Verapaz,Cobán,Zona 5,86813,+502 2496-5686
1005,Agencia Flores 1005,Agencia,Petén,Flores,Zona 10,66605,+502 8853-8871
1006,Agencia Chiquimula 1006,Agencia,Chiquimula,Chiquimula,Zona 6,52694,+502 3352-5219
1007,Agencia Jutiapa 1007,Agencia,Jutiapa,Jutiapa,Zona 4,78344,+502 2548-8173
1008,Agencia Jalapa 1008,Agencia,Jalapa,Jalapa,Zona 8,14271,+502 4116-9832
1009,Agencia Huehuetenango 1009,Agencia,Huehuetenango,Huehuetenango,Zona 3,62396,+502 6458-9546
1010,Agencia Guatemala 1010,Agencia,Guatemala,Guatemala,Zona 4,24508,+502 8439-9456
1011,Agencia Antigua Guatemala 1011,Agencia,Sacatepéquez,Antigua Guatemala,Zona 8,10402,+502 6667-1877
1012,Agencia Escuintla 1012,Agencia,Escuintla,Escuintla,Zona 3,23724,+502 6204-6732
1013,Agencia Quetzaltenango 1013,Agencia,Quetzaltenango,Quetzaltenango,Zona 5,10854,+502 8966-8770
1014,Agencia Cobán 1014,Agencia,Alta Verapaz,Cobán,Zona 10,46258,+502 5103-8035
1015,Agencia Flores 1015,Agencia,Petén,Flores,Zona 3,52205,+502 7569-8367
1016,Agencia Chiquimula 1016,Agencia,Chiquimula,Chiquimula,Zona 3,71722,+502 4898-1757
1017,Agencia Jutiapa 1017,Agencia,Jutiapa,Jutiapa,Zona 4,66648,+502 9286-2557
1018,Agencia Jalapa 1018,Agencia,Jalapa,Jalapa,Zona 8,86493,+502 9932-8373
1019,Agencia Huehuetenango 1019,Agencia,Huehuetenango,Huehuetenango,Zona 1,24129,+502 8574-7401
1020,Agencia Guatemala 1020,Agencia,Guatemala,Guatemala,Zona 9,14578,+502 7007-3258
1021,Agencia Antigua Guatemala 1021,Agencia,Sacatepéquez,Antigua Guatemala,Zona 7,69873,+502 6029-7716
1022,Agencia Escuintla 1022,Agencia,Escuintla,Escuintla,Zona 7,53937,+502 9105-1338
1023,Agencia Quetzaltenango 1023,Agencia,Quetzaltenango,Quetzaltenango,Zona 4,29438,+502 8766-2931
1024,Agencia Cobán 1024,Agencia,Alta Verapaz,Cobán,Zona 7,81610,+502 9166-3423
1025,Agencia Flores 1025,Agencia,Petén,Flores,Zona 8,14924,+502 6791-4744
1026,Agencia Chiquimula 1026,Agencia,Chiquimula,Chiquimula,Zona 6,97306,+502 9704-1513
1027,Agencia Jutiapa 1027,Agencia,Jutiapa,Jutiapa,Zona 1,23489,+502 2657-6202
1028,Agencia Jalapa 1028,Agencia,Jalapa,Jalapa,Zona 2,21166,+502 9163-5876
1029,Agencia Huehuetenango 1029,Agencia,Huehuetenango,Huehuetenango,Zona 6,13702,+502 7200-9033
1030,Agencia Guatemala 1030,Agencia,Guatemala,Guatemala,Zona 4,61065,+502 2513-5856
1031,Agencia Antigua Guatemala 1031,Agencia,Sacatepéquez,Antigua Guatemala,Zona 4,38405,+502 2535-7233
1032,Agencia Escuintla 1032,Agencia,Escuintla,Escuintla,Zona 4,49097,+502 9032-7669
1033,Agencia Quetzaltenango 1033,Agencia,Quetzaltenango,Quetzaltenango,Zona 3,35440,+502 2992-3288
1034,Agencia Cobán 1034,Agencia,Alta Verapaz,Cobán,Zona 4,11772,+502 1479-8171
1035,Agencia Flores 1035,Agencia,Petén,Flores,Zona 2,30406,+502 8620-4845
1036,Agencia Chiquimula 1036,Agencia,Chiquimula,Chiquimula,Zona 3,64718,+502 7697-8122
1037,Agencia Jutiapa 1037,Agencia,Jutiapa,Jutiapa,Zona 4,66717,+502 7654-4686
1038,Agencia Jalapa 1038,Agencia,Jalapa,Jalapa,Zona 6,73372,+502 9167-8567
1039,Agencia Huehuetenango 1039,Agencia,Huehuetenango,Huehuetenango,Zona 7,73297,+502 3815-4825
1040,Agencia Guatemala 1040,Agencia,Guatemala,Guatemala,Zona 6,79685,+502 9827-6610
1041,Agencia Antigua Guatemala 1041,Agencia,Sacatepéquez,Antigua Guatemala,Zona 2,46217,+502 7567-5554
1042,Agencia Escuintla 1042,Agencia,Escuintla,Escuintla,Zona 8,33894,+502 5997-9100
1043,Agencia Quetzaltenango 1043,Agencia,Quetzaltenango,Quetzaltenango,Zona 3,36259,+502 6989-7140
1044,Agencia Cobán 1044,Agencia,Alta Verapaz,Cobán,Zona 3,48527,+502 1515-8048
1045,Agencia Flores 1045,Agencia,Petén,Flores,Zona 4,81011,+502 5610-4995
1046,Agencia Chiquimula 1046,Agencia,Chiquimula,Chiquimula,Zona 10,44797,+502 9850-6684
1047,Agencia Jutiapa 1047,Agencia,Jutiapa,Jutiapa,Zona 6,50895,+502 7453-9520
1048,Agencia Jalapa 1048,Agencia,Jalapa,Jalapa,Zona 4,69223,+502 8128-8380
1049,Agencia Huehuetenango 1049,Agencia,Huehuetenango,Huehuetenango,Zona 6,54315,+502 7380-3974
1050,Agencia Guatemala 1050,Agencia,Guatemala,Guatemala,Zona 8,28704,+502 5486-6235
1051,Agencia Antigua Guatemala 1051,Agencia,Sacatepéquez,Antigua Guatemala,Zona 1,93782,+502 7121-8076
1052,Agencia Escuintla 1052,Agencia,Escuintla,Escuintla,Zona 6,69654,+502 4479-2337
1053,Agencia Quetzaltenango 1053,Agencia,Quetzaltenango,Quetzaltenango,Zona 4,46386,+502 3452-1137
1054,Agencia Cobán 1054,Agencia,Alta Verapaz,Cobán,Zona 5,39948,+502 9605-7409
1055,Agencia Flores 1055,Agencia,Petén,Flores,Zona 3,47584,+502 8109-5996
1056,Agencia Chiquimula 1056,Agencia,Chiquimula,Chiquimula,Zona 10,23956,+502 3709-5964
1057,Agencia Jutiapa 1057,Agencia,Jutiapa,Jutiapa,Zona 10,22622,+502 5910-5603
1058,Agencia Jalapa 1058,Agencia,Jalapa,Jalapa,Zona 7,79036,+502 7357-1326
1059,Agencia Huehuetenango 1059,Agencia,Huehuetenango,Huehuetenango,Zona 7,15034,+502 8581-2270
1060,Agencia Guatemala 1060,Agencia,Guatemala,Guatemala,Zona 7,93180,+502 7900-9395
1061,Agencia Antigua Guatemala 1061,Agencia,Sacatepéquez,Antigua Guatemala,Zona 1,78042,+502 7049-5481
1062,Agencia Escuintla 1062,Agencia,Escuintla,Escuintla,Zona 10,60094,+502 9072-1641
1063,Agencia Quetzaltenango 1063,Agencia,Quetzaltenango,Quetzaltenango,Zona 8,14619,+502 8991-7328
1064,Agencia Cobán 1064,Agencia,Alta Verapaz,Cobán,Zona 8,31455,+502 6032-7012
1065,Agencia Flores 1065,Agencia,Petén,Flores,Zona 4,23563,+502 2658-4061
1066,Agencia Chiquimula 1066,Agencia,Chiquimula,Chiquimula,Zona 7,71829,+502 5943-3952
1067,Agencia Jutiapa 1067,Agencia,Jutiapa,Jutiapa,Zona 9,81494,+502 7589-9755
1068,Agencia Jalapa 1068,Agencia,Jalapa,Jalapa,Zona 5,76449,+502 9306-1926
1069,Agencia Huehuetenango 1069,Agencia,Huehuetenango,Huehuetenango,Zona 8,71645,+502 7105-8658
1070,Agencia Guatemala 1070,Agencia,Guatemala,Guatemala,Zona 9,15099,+502 1479-1450
1071,Agencia Antigua Guatemala 1071,Agencia,Sacatepéquez,Antigua Guatemala,Zona 8,91480,+502 9502-8651
1072,Agencia Escuintla 1072,Agencia,Escuintla,Escuintla,Zona 10,95498,+502 6239-5637
1073,Agencia Quetzaltenango 1073,Agencia,Quetzaltenango,Quetzaltenango,Zona 9,39997,+502 3338-3760
1074,Agencia Cobán 1074,Agencia,Alta Verapaz,Cobán,Zona 2,49284,+502 3939-5668
1075,Agencia Flores 1075,Agencia,Petén,Flores,Zona 6,63766,+502 4763-4213
1076,Agencia Chiquimula 1076,Agencia,Chiquimula,Chiquimula,Zona 8,73707,+502 1551-9587
1077,Agencia Jutiapa 1077,Agencia,Jutiapa,Jutiapa,Zona 6,18347,+502 2505-9100
1078,Agencia Jalapa 1078,Agencia,Jalapa,Jalapa,Zona 7,82482,+502 1027-4536
1079,Agencia Huehuetenango 1079,Agencia,Huehuetenango,Huehuetenango,Zona 8,62917,+502 2542-9382
1080,Agencia Guatemala 1080,Agencia,Guatemala,Guatemala,Zona 4,62154,+502 8887-6784
1081,Agencia Antigua Guatemala 1081,Agencia,Sacatepéquez,Antigua Guatemala,Zona 10,48494,+502 4026-1893
1082,Agencia Escuintla 1082,Agencia,Escuintla,Escuintla,Zona 9,21724,+502 2867-1398
1083,Agencia Quetzaltenango 1083,Agencia,Quetzaltenango,Quetzaltenango,Zona 6,47426,+502 8782-5088
1084,Agencia Cobán 1084,Agencia,Alta Verapaz,Cobán,Zona 3,26340,+502 7330-7406
1085,Agencia Flores 1085,Agencia,Petén,Flores,Zona 5,78466,+502 4545-5122
1086,Agencia Chiquimula 1086,Agencia,Chiquimula,Chiquimula,Zona 7,87686,+502 4914-4781
1087,Agencia Jutiapa 1087,Agencia,Jutiapa,Jutiapa,Zona 6,69683,+502 1719-2085
1088,Agencia Jalapa 1088,Agencia,Jalapa,Jalapa,Zona 4,32848,+502 7261-4706
1089,Agencia Huehuetenango 1089,Agencia,Huehuetenango,Huehuetenango,Zona 8,97524,+502 9675-1784
1090,Agencia Guatemala 1090,Agencia,Guatemala,Guatemala,Zona 2,30027,+502 9686-9283
1091,Agencia Antigua Guatemala 1091,Agencia,Sacatepéquez,Antigua Guatemala,Zona 5,70991,+502 7493-8889
1092,Agencia Escuintla 1092,Agencia,Escuintla,Escuintla,Zona 8,24449,+502 7739-4544
1093,Agencia Quetzaltenango 1093,Agencia,Quetzaltenango,Quetzaltenango,Zona 5,33085,+502 1834-8315
1094,Agencia Cobán 1094,Agencia,Alta Verapaz,Cobán,Zona 5,47205,+502 6197-3160
1095,Agencia Flores 1095,Agencia,Petén,Flores,Zona 9,66516,+502 2645-6688
1096,Agencia Chiquimula 1096,Agencia,Chiquimula,Chiquimula,Zona 9,35314,+502 5197-3969
1097,Agencia Jutiapa 1097,Agencia,Jutiapa,Jutiapa,Zona 5,88063,+502 8464-7679
1098,Agencia Jalapa 1098,Agencia,Jalapa,Jalapa,Zona 3,71533,+502 2991-1699
1099,Agencia Huehuetenango 1099,Agencia,Huehuetenango,Huehuetenango,Zona 7,48188,+502 6607-4732
1100,Agencia Guatemala 1100,Agencia,Guatemala,Guatemala,Zona 2,77045,+502 1696-5583
1101,Agencia Antigua Guatemala 1101,Agencia,Sacatepéquez,Antigua Guatemala,Zona 10,97100,+502 4387-2442
1102,Agencia Escuintla 1102,Agencia,Escuintla,Escuintla,Zona 8,35279,+502 5375-1567
1103,Agencia Quetzaltenango 1103,Agencia,Quetzaltenango,Quetzaltenango,Zona 9,11307,+502 5525-6583
1104,Agencia Cobán 1104,Agencia,Alta Verapaz,Cobán,Zona 3,11129,+502 9625-5516
1105,Agencia Flores 1105,Agencia,Petén,Flores,Zona 4,96984,+502 3046-6033
1106,Agencia Chiquimula 1106,Agencia,Chiquimula,Chiquimula,Zona 6,55581,+502 9015-6058
1107,Agencia Jutiapa 1107,Agencia,Jutiapa,Jutiapa,Zona 7,26850,+502 5989-5731
1108,Agencia Jalapa 1108,Agencia,Jalapa,Jalapa,Zona 7,10997,+502 6557-8627
1109,Agencia Huehuetenango 1109,Agencia,Huehuetenango,Huehuetenango,Zona 1,19875,+502 2936-9278
1110,Agencia Guatemala 1110,Agencia,Guatemala,Guatemala,Zona 3,22340,+502 5081-1091
1111,Agencia Antigua Guatemala 1111,Agencia,Sacatepéquez,Antigua Guatemala,Zona 7,65688,+502 2819-6915
1112,Agencia Escuintla 1112,Agencia,Escuintla,Escuintla,Zona 10,39554,+502 3212-4512
1113,Agencia Quetzaltenango 1113,Agencia,Quetzaltenango,Quetzaltenango,Zona 10,26663,+502 1231-9310
1114,Agencia Cobán 1114,Agencia,Alta Verapaz,Cobán,Zona 6,90814,+502 6475-9757
1115,Agencia Flores 1115,Agencia,Petén,Flores,Zona 4,74502,+502 8596-9372
1116,Agencia Chiquimula 1116,Agencia,Chiquimula,Chiquimula,Zona 9,17392,+502 1310-1801
1117,Agencia Jutiapa 1117,Agencia,Jutiapa,Jutiapa,Zona 3,53389,+502 7149-3645
1118,Agencia Jalapa 1118,Agencia,Jalapa,Jalapa,Zona 10,87106,+502 8734-5501
1119,Agencia Huehuetenango 1119,Agencia,Huehuetenango,Huehuetenango,Zona 2,23082,+502 9774-7290
1120,Agencia Guatemala 1120,Agencia,Guatemala,Guatemala,Zona 3,72071,+502 9524-5962
1121,Agencia Antigua Guatemala 1121,Agencia,Sacatepéquez,Antigua Guatemala,Zona 10,21576,+502 2153-8896
1122,Agencia Escuintla 1122,Agencia,Escuintla,Escuintla,Zona 6,22291,+502 5997-4850
1123,Agencia Quetzaltenango 1123,Agencia,Quetzaltenango,Quetzaltenango,Zona 9,53263,+502 4898-1841
1124,Agencia Cobán 1124,Agencia,Alta Verapaz,Cobán,Zona 4,79971,+502 2823-9144
1125,Agencia Flores 1125,Agencia,Petén,Flores,Zona 3,64561,+502 2767-5464
1126,Agencia Chiquimula 1126,Agencia,Chiquimula,Chiquimula,Zona 8,48162,+502 1395-3804
1127,Agencia Jutiapa 1127,Agencia,Jutiapa,Jutiapa,Zona 6,35295,+502 3292-4349
1128,Agencia Jalapa 1128,Agencia,Jalapa,Jalapa,Zona 3,69036,+502 8637-6830
1129,Agencia Huehuetenango 1129,Agencia,Huehuetenango,Huehuetenango,Zona 7,29869,+502 8159-1517
1130,Agencia Guatemala 1130,Agencia,Guatemala,Guatemala,Zona 1,72073,+502 1919-5638
1131,Agencia Antigua Guatemala 1131,Agencia,Sacatepéquez,Antigua Guatemala,Zona 8,92257,+502 9072-9650
1132,Agencia Escuintla 1132,Agencia,Escuintla,Escuintla,Zona 3,57711,+502 7780-9115
1133,Agencia Quetzaltenango 1133,Agencia,Quetzaltenango,Quetzaltenango,Zona 8,34660,+502 9210-9779
1134,Agencia Cobán 1134,Agencia,Alta Verapaz,Cobán,Zona 10,17641,+502 7554-9303
1135,Agencia Flores 1135,Agencia,Petén,Flores,Zona 2,54939,+502 7905-2072
1136,Agencia Chiquimula 1136,Agencia,Chiquimula,Chiquimula,Zona 2,95931,+502 4041-1006
1137,Agencia Jutiapa 1137,Agencia,Jutiapa,Jutiapa,Zona 4,74986,+502 1485-6199
1138,Agencia Jalapa 1138,Agencia,Jalapa,Jalapa,Zona 10,16530,+502 2257-5628
1139,Agencia Huehuetenango 1139,Agencia,Huehuetenango,Huehuetenango,Zona 3,13787,+502 4243-1600
1140,Agencia Guatemala 1140,Agencia,Guatemala,Guatemala,Zona 7,35228,+502 9321-5443
1141,Agencia Antigua Guatemala 1141,Agencia,Sacatepéquez,Antigua Guatemala,Zona 5,69970,+502 1457-5589
1142,Agencia Escuintla 1142,Agencia,Escuintla,Escuintla,Zona 9,99842,+502 3012-6435
1143,Agencia Quetzaltenango 1143,Agencia,Quetzaltenango,Quetzaltenango,Zona 9,21624,+502 9097-1997
1144,Agencia Cobán 1144,Agencia,Alta Verapaz,Cobán,Zona 1,42255,+502 3791-2730
1145,Agencia Flores 1145,Agencia,Petén,Flores,Zona 9,58183,+502 1881-4127
1146,Agencia Chiquimula 1146,Agencia,Chiquimula,Chiquimula,Zona 3,25280,+502 9461-7551
1147,Agencia Jutiapa 1147,Agencia,Jutiapa,Jutiapa,Zona 9,19627,+502 1690-1638
1148,Agencia Jalapa 1148,Agencia,Jalapa,Jalapa,Zona 3,30398,+502 9817-3251
1149,Agencia Huehuetenango 1149,Agencia,Huehuetenango,Huehuetenango,Zona 1,83449,+502 4585-8831
1150,Agencia Guatemala 1150,Agencia,Guatemala,Guatemala,Zona 4,93543,+502 8549-1160
1151,Agencia Antigua Guatemala 1151,Agencia,Sacatepéquez,Antigua Guatemala,Zona 8,27540,+502 6673-6337
1152,Agencia Escuintla 1152,Agencia,Escuintla,Escuintla,Zona 4,70397,+502 7900-8155
1153,Agencia Quetzaltenango 1153,Agencia,Quetzaltenango,Quetzaltenango,Zona 9,57005,+502 6159-8496
1154,Agencia Cobán 1154,Agencia,Alta Verapaz,Cobán,Zona 6,69025,+502 7081-9473
1155,Agencia Flores 1155,Agencia,Petén,Flores,Zona 9,99292,+502 3309-6627
1156,Agencia Chiquimula 1156,Agencia,Chiquimula,Chiquimula,Zona 6,79286,+502 3471-9305
1157,Agencia Jutiapa 1157,Agencia,Jutiapa,Jutiapa,Zona 10,70270,+502 5755-8311
1158,Agencia Jalapa 1158,Agencia,Jalapa,Jalapa,Zona 9,19259,+502 6283-7877
1159,Agencia Huehuetenango 1159,Agencia,Huehuetenango,Huehuetenango,Zona 3,50299,+502 3442-3829
1160,Agencia Guatemala 1160,Agencia,Guatemala,Guatemala,Zona 4,16106,+502 2400-3926
1161,Agencia Antigua Guatemala 1161,Agencia,Sacatepéquez,Antigua Guatemala,Zona 9,85870,+502 1664-6392
1162,Agencia Escuintla 1162,Agencia,Escuintla,Escuintla,Zona 1,64514,+502 8088-1249
1163,Agencia Quetzaltenango 1163,Agencia,Quetzaltenango,Quetzaltenango,Zona 1,34018,+502 1943-6115
1164,Agencia Cobán 1164,Agencia,Alta Verapaz,Cobán,Zona 9,85706,+502 1460-7556
1165,Agencia Flores 1165,Agencia,Petén,Flores,Zona 8,23739,+502 1751-8480
1166,Agencia Chiquimula 1166,Agencia,Chiquimula,Chiquimula,Zona 1,91649,+502 6395-7079
1167,Agencia Jutiapa 1167,Agencia,Jutiapa,Jutiapa,Zona 3,20392,+502 8627-2026
1168,Agencia Jalapa 1168,Agencia,Jalapa,Jalapa,Zona 5,77394,+502 7578-6910
1169,Agencia Huehuetenango 1169,Agencia,Huehuetenango,Huehuetenango,Zona 5,58127,+502 5725-7014
1170,Agencia Guatemala 1170,Agencia,Guatemala,Guatemala,Zona 2,62364,+502 7128-2253
1171,Agencia Antigua Guatemala 1171,Agencia,Sacatepéquez,Antigua Guatemala,Zona 3,18774,+502 6388-4846
1172,Agencia Escuintla 1172,Agencia,Escuintla,Escuintla,Zona 8,62345,+502 3051-5729
1173,Agencia Quetzaltenango 1173,Agencia,Quetzaltenango,Quetzaltenango,Zona 9,74892,+502 6881-8387
1174,Agencia Cobán 1174,Agencia,Alta Verapaz,Cobán,Zona 8,86148,+502 3235-7493
1175,Agencia Flores 1175,Agencia,Petén,Flores,Zona 2,55121,+502 3710-1076
1176,Agencia Chiquimula 1176,Agencia,Chiquimula,Chiquimula,Zona 9,65600,+502 8894-7481
1177,Agencia Jutiapa 1177,Agencia,Jutiapa,Jutiapa,Zona 8,62840,+502 2662-5492
1178,Agencia Jalapa 1178,Agencia,Jalapa,Jalapa,Zona 6,27011,+502 5608-6764
1179,Agencia Huehuetenango 1179,Agencia,Huehuetenango,Huehuetenango,Zona 6,57738,+502 3617-8826
1180,Agencia Guatemala 1180,Agencia,Guatemala,Guatemala,Zona 10,25220,+502 6925-1603
1181,Agencia Antigua Guatemala 1181,Agencia,Sacatepéquez,Antigua Guatemala,Zona 2,22603,+502 2987-8141
1182,Agencia Escuintla 1182,Agencia,Escuintla,Escuintla,Zona 10,91763,+502 9046-1447
1183,Agencia Quetzaltenango 1183,Agencia,Quetzaltenango,Quetzaltenango,Zona 7,16101,+502 8247-8093
1184,Agencia Cobán 1184,Agencia,Alta Verapaz,Cobán,Zona 7,46843,+502 3058-7925
1185,Agencia Flores 1185,Agencia,Petén,Flores,Zona 5,62527,+502 4415-3064
1186,Agencia Chiquimula 1186,Agencia,Chiquimula,Chiquimula,Zona 6,30379,+502 6445-1387
1187,Agencia Jutiapa 1187,Agencia,Jutiapa,Jutiapa,Zona 8,37432,+502 8511-3970
1188,Agencia Jalapa 1188,Agencia,Jalapa,Jalapa,Zona 9,86971,+502 1098-4309
1189,Agencia Huehuetenango 1189,Agencia,Huehuetenango,Huehuetenango,Zona 6,23598,+502 3806-2813
1190,Agencia Guatemala 1190,Agencia,Guatemala,Guatemala,Zona 7,15839,+502 4365-8085
1191,Agencia Antigua Guatemala 1191,Agencia,Sacatepéquez,Antigua Guatemala,Zona 8,29552,+502 5251-4888
1192,Agencia Escuintla 1192,Agencia,Escuintla,Escuintla,Zona 2,30273,+502 5789-5791
1193,Agencia Quetzaltenango 1193,Agencia,Quetzaltenango,Quetzaltenango,Zona 6,97695,+502 7237-7582
1194,Agencia Cobán 1194,Agencia,Alta Verapaz,Cobán,Zona 5,98395,+502 4570-7575
1195,Agencia Flores 1195,Agencia,Petén,Flores,Zona 10,82817,+502 6430-6570
1196,Agencia Chiquimula 1196,Agencia,Chiquimula,Chiquimula,Zona 7,39194,+502 1556-9728
1197,Agencia Jutiapa 1197,Agencia,Jutiapa,Jutiapa,Zona 5,56630,+502 1567-3656
1198,Agencia Jalapa 1198,Agencia,Jalapa,Jalapa,Zona 2,61390,+502 5451-8043
1199,Agencia Huehuetenango 1199,Agencia,Huehuetenango,Huehuetenango,Zona 10,92870,+502 9693-3674
1200,Agencia Guatemala 1200,Agencia,Guatemala,Guatemala,Zona 3,37897,+502 2363-8942
1201,Agencia Antigua Guatemala 1201,Agencia,Sacatepéquez,Antigua Guatemala,Zona 2,36802,+502 9517-9381
1202,Agencia Escuintla 1202,Agencia,Escuintla,Escuintla,Zona 9,96089,+502 5037-5003
1203,Agencia Quetzaltenango 1203,Agencia,Quetzaltenango,Quetzaltenango,Zona 6,93831,+502 8886-6247
1204,Agencia Cobán 1204,Agencia,Alta Verapaz,Cobán,Zona 7,55916,+502 7639-1329
1205,Agencia Flores 1205,Agencia,Petén,Flores,Zona 10,48890,+502 9775-8058
1206,Agencia Chiquimula 1206,Agencia,Chiquimula,Chiquimula,Zona 3,60414,+502 4772-4509
1207,Agencia Jutiapa 1207,Agencia,Jutiapa,Jutiapa,Zona 3,84046,+502 8071-5716
1208,Agencia Jalapa 1208,Agencia,Jalapa,Jalapa,Zona 6,48703,+502 9418-5729
1209,Agencia Huehuetenango 1209,Agencia,Huehuetenango,Huehuetenango,Zona 5,33717,+502 9921-7881
1210,Agencia Guatemala 1210,Agencia,Guatemala,Guatemala,Zona 7,26389,+502 8608-6062
1211,Agencia Antigua Guatemala 1211,Agencia,Sacatepéquez,Antigua Guatemala,Zona 4,64171,+502 3773-6887
1212,Agencia Escuintla 1212,Agencia,Escuintla,Escuintla,Zona 10,33797,+502 8991-2031
1213,Agencia Quetzaltenango 1213,Agencia,Quetzaltenango,Quetzaltenango,Zona 1,54341,+502 7155-7538
1214,Agencia Cobán 1214,Agencia,Alta Verapaz,Cobán,Zona 3,28004,+502 7815-1860
1215,Agencia Flores 1215,Agencia,Petén,Flores,Zona 4,87062,+502 9184-8542
1216,Agencia Chiquimula 1216,Agencia,Chiquimula,Chiquimula,Zona 10,30915,+502 8363-3908
1217,Agencia Jutiapa 1217,Agencia,Jutiapa,Jutiapa,Zona 8,41266,+502 8021-4526
1218,Agencia Jalapa 1218,Agencia,Jalapa,Jalapa,Zona 6,20926,+502 4597-2303
1219,Agencia Huehuetenango 1219,Agencia,Huehuetenango,Huehuetenango,Zona 7,88119,+502 9639-8108
1220,Agencia Guatemala 1220,Agencia,Guatemala,Guatemala,Zona 2,22115,+502 6215-9502
1221,Agencia Antigua Guatemala 1221,Agencia,Sacatepéquez,Antigua Guatemala,Zona 7,36959,+502 1305-8769
1222,Agencia Escuintla 1222,Agencia,Escuintla,Escuintla,Zona 3,73397,+502 3337-2999
1223,Agencia Quetzaltenango 1223,Agencia,Quetzaltenango,Quetzaltenango,Zona 5,69918,+502 1367-7422
1224,Agencia Cobán 1224,Agencia,Alta Verapaz,Cobán,Zona 8,16866,+502 5488-5332
1225,Agencia Flores 1225,Agencia,Petén,Flores,Zona 9,55689,+502 3301-9867
1226,Agencia Chiquimula 1226,Agencia,Chiquimula,Chiquimula,Zona 8,54133,+502 9336-7775
1227,Agencia Jutiapa 1227,Agencia,Jutiapa,Jutiapa,Zona 5,32985,+502 2130-9593
1228,Agencia Jalapa 1228,Agencia,Jalapa,Jalapa,Zona 7,19691,+502 4654-3645
1229,Agencia Huehuetenango 1229,Agencia,Huehuetenango,Huehuetenango,Zona 8,76121,+502 7797-6282
1230,Agencia Guatemala 1230,Agencia,Guatemala,Guatemala,Zona 10,71131,+502 4826-8644
1231,Agencia Antigua Guatemala 1231,Agencia,Sacatepéquez,Antigua Guatemala,Zona 8,48938,+502 8880-7486
1232,Agencia Escuintla 1232,Agencia,Escuintla,Escuintla,Zona 10,82036,+502 3578-9165
1233,Agencia Quetzaltenango 1233,Agencia,Quetzaltenango,Quetzaltenango,Zona 5,45152,+502 9753-3784
1234,Agencia Cobán 1234,Agencia,Alta Verapaz,Cobán,Zona 7,39978,+502 7307-2850
1235,Agencia Flores 1235,Agencia,Petén,Flores,Zona 10,64799,+502 3266-3390
1236,Agencia Chiquimula 1236,Agencia,Chiquimula,Chiquimula,Zona 10,76553,+502 8944-1198
1237,Agencia Jutiapa 1237,Agencia,Jutiapa,Jutiapa,Zona 10,26614,+502 9591-1923
1238,Agencia Jalapa 1238,Agencia,Jalapa,Jalapa,Zona 5,69733,+502 7146-3719
1239,Agencia Huehuetenango 1239,Agencia,Huehuetenango,Huehuetenango,Zona 4,67970,+502 7390-4505
1240,Agencia Guatemala 1240,Agencia,Guatemala,Guatemala,Zona 5,31075,+502 9989-9352
1241,Agencia Antigua Guatemala 1241,Agencia,Sacatepéquez,Antigua Guatemala,Zona 2,41481,+502 1663-6363
1242,Agencia Escuintla 1242,Agencia,Escuintla,Escuintla,Zona 2,74287,+502 7637-6403
1243,Agencia Quetzaltenango 1243,Agencia,Quetzaltenango,Quetzaltenango,Zona 3,39420,+502 1499-5335
1244,Agencia Cobán 1244,Agencia,Alta Verapaz,Cobán,Zona 6,13683,+502 8646-1052
1245,Agencia Flores 1245,Agencia,Petén,Flores,Zona 7,45521,+502 8115-2923
1246,Agencia Chiquimula 1246,Agencia,Chiquimula,Chiquimula,Zona 5,62027,+502 4630-4067
1247,Agencia Jutiapa 1247,Agencia,Jutiapa,Jutiapa,Zona 2,42792,+502 5713-2533
1248,Agencia Jalapa 1248,Agencia,Jalapa,Jalapa,Zona 1,70053,+502 2950-8784
1249,Agencia Huehuetenango 1249,Agencia,Huehuetenango,Huehuetenango,Zona 4,75215,+502 4393-5350
1250,Agencia Guatemala 1250,Agencia,Guatemala,Guatemala,Zona 5,26471,+502 2758-8863
1251,Agencia Antigua Guatemala 1251,Agencia,Sacatepéquez,Antigua Guatemala,Zona 5,75923,+502 4721-8169
1252,Agencia Escuintla 1252,Agencia,Escuintla,Escuintla,Zona 5,28609,+502 2435-1888
1253,Agencia Quetzaltenango 1253,Agencia,Quetzaltenango,Quetzaltenango,Zona 8,44044,+502 6542-7697
1254,Agencia Cobán 1254,Agencia,Alta Verapaz,Cobán,Zona 2,46237,+502 5307-5544
1255,Agencia Flores 1255,Agencia,Petén,Flores,Zona 1,95425,+502 3178-8189
1256,Agencia Chiquimula 1256,Agencia,Chiquimula,Chiquimula,Zona 5,49388,+502 4711-9924
1257,Agencia Jutiapa 1257,Agencia,Jutiapa,Jutiapa,Zona 10,15794,+502 7614-4120
1258,Agencia Jalapa 1258,Agencia,Jalapa,Jalapa,Zona 10,38655,+502 4427-5379
1259,Agencia Huehuetenango 1259,Agencia,Huehuetenango,Huehuetenango,Zona 5,66432,+502 6354-6581
1260,Agencia Guatemala 1260,Agencia,Guatemala,Guatemala,Zona 1,13401,+502 1060-6397
1261,Agencia Antigua Guatemala 1261,Agencia,Sacatepéquez,Antigua Guatemala,Zona 2,93729,+502 2378-7764
1262,Agencia Escuintla 1262,Agencia,Escuintla,Escuintla,Zona 9,75464,+502 1560-7384
1263,Agencia Quetzaltenango 1263,Agencia,Quetzaltenango,Quetzaltenango,Zona 9,16288,+502 4588-4439
1264,Agencia Cobán 1264,Agencia,Alta Verapaz,Cobán,Zona 2,29569,+502 9305-5596
1265,Agencia Flores 1265,Agencia,Petén,Flores,Zona 3,47835,+502 9060-5788
1266,Agencia Chiquimula 1266,Agencia,Chiquimula,Chiquimula,Zona 2,13435,+502 9633-2545
1267,Agencia Jutiapa 1267,Agencia,Jutiapa,Jutiapa,Zona 3,89349,+502 6977-9587
1268,Agencia Jalapa 1268,Agencia,Jalapa,Jalapa,Zona 1,94578,+502 3332-4316
1269,Agencia Huehuetenango 1269,Agencia,Huehuetenango,Huehuetenango,Zona 7,40400,+502 9647-8472
1270,Agencia Guatemala 1270,Agencia,Guatemala,Guatemala,Zona 2,48308,+502 4294-5085
1271,Agencia Antigua Guatemala 1271,Agencia,Sacatepéquez,Antigua Guatemala,Zona 3,17373,+502 5037-5256
1272,Agencia Escuintla 1272,Agencia,Escuintla,Escuintla,Zona 5,89234,+502 1339-5475
1273,Agencia Quetzaltenango 1273,Agencia,Quetzaltenango,Quetzaltenango,Zona 1,31572,+502 8719-4791
1274,Agencia Cobán 1274,Agencia,Alta Verapaz,Cobán,Zona 9,23712,+502 1158-4387
1275,Agencia Flores 1275,Agencia,Petén,Flores,Zona 4,25384,+502 3483-9965
1276,Agencia Chiquimula 1276,Agencia,Chiquimula,Chiquimula,Zona 10,85537,+502 3238-8581
1277,Agencia Jutiapa 1277,Agencia,Jutiapa,Jutiapa,Zona 7,43084,+502 1590-6157
1278,Agencia Jalapa 1278,Agencia,Jalapa,Jalapa,Zona 5,68797,+502 9270-7123
1279,Agencia Huehuetenango 1279,Agencia,Huehuetenango,Huehuetenango,Zona 7,87279,+502 1147-1468
1280,Agencia Guatemala 1280,Agencia,Guatemala,Guatemala,Zona 5,47568,+502 9642-7545
1281,Agencia Antigua Guatemala 1281,Agencia,Sacatepéquez,Antigua Guatemala,Zona 7,64293,+502 5168-6658
1282,Agencia Escuintla 1282,Agencia,Escuintla,Escuintla,Zona 4,41319,+502 6934-3221
1283,Agencia Quetzaltenango 1283,Agencia,Quetzaltenango,Quetzaltenango,Zona 1,66394,+502 7885-4527
1284,Agencia Cobán 1284,Agencia,Alta Verapaz,Cobán,Zona 4,36127,+502 6426-7507
1285,Agencia Flores 1285,Agencia,Petén,Flores,Zona 2,72895,+502 7167-1692
1286,Agencia Chiquimula 1286,Agencia,Chiquimula,Chiquimula,Zona 2,36611,+502 4824-6631
1287,Agencia Jutiapa 1287,Agencia,Jutiapa,Jutiapa,Zona 8,86244,+502 1864-9627
1288,Agencia Jalapa 1288,Agencia,Jalapa,Jalapa,Zona 6,39879,+502 6768-1143
1289,Agencia Huehuetenango 1289,Agencia,Huehuetenango,Huehuetenango,Zona 10,80686,+502 9587-9283
1290,Agencia Guatemala 1290,Agencia,Guatemala,Guatemala,Zona 6,59054,+502 4885-3204
1291,Agencia Antigua Guatemala 1291,Agencia,Sacatepéquez,Antigua Guatemala,Zona 8,35735,+502 9436-3681
1292,Agencia Escuintla 1292,Agencia,Escuintla,Escuintla,Zona 8,45487,+502 9344-4709
1293,Agencia Quetzaltenango 1293,Agencia,Quetzaltenango,Quetzaltenango,Zona 3,62618,+502 8700-6114
1294,Agencia Cobán 1294,Agencia,Alta Verapaz,Cobán,Zona 8,81261,+502 4461-5451
1295,Agencia Flores 1295,Agencia,Petén,Flores,Zona 3,73562,+502 9427-3618
1296,Agencia Chiquimula 1296,Agencia,Chiquimula,Chiquimula,Zona 6,17846,+502 7155-6461
1297,Agencia Jutiapa 1297,Agencia,Jutiapa,Jutiapa,Zona 6,34678,+502 5038-5372
1298,Agencia Jalapa 1298,Agencia,Jalapa,Jalapa,Zona 8,56515,+502 1060-8321
1299,Agencia Huehuetenango 1299,Agencia,Huehuetenango,Huehuetenango,Zona 10,14159,+502 7535-7041
1300,Agencia Guatemala 1300,Agencia,Guatemala,Guatemala,Zona 1,75390,+502 1173-6903
1301,Agencia Antigua Guatemala 1301,Agencia,Sacatepéquez,Antigua Guatemala,Zona 1,69613,+502 7712-2939
1302,Agencia Escuintla 1302,Agencia,Escuintla,Escuintla,Zona 4,48660,+502 7971-1824
1303,Agencia Quetzaltenango 1303,Agencia,Quetzaltenango,Quetzaltenango,Zona 1,30162,+502 5711-5249
1304,Agencia Cobán 1304,Agencia,Alta Verapaz,Cobán,Zona 7,56091,+502 2677-1614
1305,Agencia Flores 1305,Agencia,Petén,Flores,Zona 10,66186,+502 5031-9707
1306,Agencia Chiquimula 1306,Agencia,Chiquimula,Chiquimula,Zona 1,56954,+502 1429-8010
1307,Agencia Jutiapa 1307,Agencia,Jutiapa,Jutiapa,Zona 7,56569,+502 5063-6159
1308,Agencia Jalapa 1308,Agencia,Jalapa,Jalapa,Zona 10,21269,+502 4098-7371
1309,Agencia Huehuetenango 1309,Agencia,Huehuetenango,Huehuetenango,Zona 2,65184,+502 5206-1256
1310,Agencia Guatemala 1310,Agencia,Guatemala,Guatemala,Zona 7,59977,+502 4510-3736
1311,Agencia Antigua Guatemala 1311,Agencia,Sacatepéquez,Antigua Guatemala,Zona 4,30082,+502 8967-9105
1312,Agencia Escuintla 1312,Agencia,Escuintla,Escuintla,Zona 8,85070,+502 1177-8852
1313,Agencia Quetzaltenango 1313,Agencia,Quetzaltenango,Quetzaltenango,Zona 3,32664,+502 9436-3452
1314,Agencia Cobán 1314,Agencia,Alta Verapaz,Cobán,Zona 3,65420,+502 8086-6657
1315,Agencia Flores 1315,Agencia,Petén,Flores,Zona 2,67712,+502 5901-7539
1316,Agencia Chiquimula 1316,Agencia,Chiquimula,Chiquimula,Zona 6,78389,+502 6877-9318
1317,Agencia Jutiapa 1317,Agencia,Jutiapa,Jutiapa,Zona 8,79951,+502 9334-7612
1318,Agencia Jalapa 1318,Agencia,Jalapa,Jalapa,Zona 1,26627,+502 3867-8384
1319,Agencia Huehuetenango 1319,Agencia,Huehuetenango,Huehuetenango,Zona 3,35698,+502 3438-3910
1320,Agencia Guatemala 1320,Agencia,Guatemala,Guatemala,Zona 3,16517,+502 5739-8764
1321,Agencia Antigua Guatemala 1321,Agencia,Sacatepéquez,Antigua Guatemala,Zona 5,30260,+502 5507-7304
1322,Agencia Escuintla 1322,Agencia,Escuintla,Escuintla,Zona 3,25160,+502 1065-8230
1323,Agencia Quetzaltenango 1323,Agencia,Quetzaltenango,Quetzaltenango,Zona 7,19856,+502 5475-7455
1324,Agencia Cobán 1324,Agencia,Alta Verapaz,Cobán,Zona 9,11015,+502 8120-2404
1325,Agencia Flores 1325,Agencia,Petén,Flores,Zona 2,76231,+502 2694-5614
1326,Agencia Chiquimula 1326,Agencia,Chiquimula,Chiquimula,Zona 4,83401,+502 3953-2138
1327,Agencia Jutiapa 1327,Agencia,Jutiapa,Jutiapa,Zona 7,44214,+502 2888-9443
1328,Agencia Jalapa 1328,Agencia,Jalapa,Jalapa,Zona 4,52879,+502 5923-3691
1329,Agencia Huehuetenango 1329,Agencia,Huehuetenango,Huehuetenango,Zona 8,33686,+502 9797-8962
1330,Agencia Guatemala 1330,Agencia,Guatemala,Guatemala,Zona 4,74634,+502 4812-2083
1331,Agencia Antigua Guatemala 1331,Agencia,Sacatepéquez,Antigua Guatemala,Zona 2,30186,+502 1077-9922
1332,Agencia Escuintla 1332,Agencia,Escuintla,Escuintla,Zona 8,45547,+502 5934-3000
1333,Agencia Quetzaltenango 1333,Agencia,Quetzaltenango,Quetzaltenango,Zona 9,48657,+502 1151-1511
1334,Agencia Cobán 1334,Agencia,Alta Verapaz,Cobán,Zona 1,45181,+502 8390-8172
1335,Agencia Flores 1335,Agencia,Petén,Flores,Zona 5,73102,+502 1752-7550
1336,Agencia Chiquimula 1336,Agencia,Chiquimula,Chiquimula,Zona 8,71339,+502 1693-2964
1337,Agencia Jutiapa 1337,Agencia,Jutiapa,Jutiapa,Zona 10,51983,+502 7859-1866
1338,Agencia Jalapa 1338,Agencia,Jalapa,Jalapa,Zona 6,73511,+502 6642-9924
1339,Agencia Huehuetenango 1339,Agencia,Huehuetenango,Huehuetenango,Zona 10,86689,+502 7938-3695
1340,Agencia Guatemala 1340,Agencia,Guatemala,Guatemala,Zona 3,69794,+502 6010-7191
1341,Agencia Antigua Guatemala 1341,Agencia,Sacatepéquez,Antigua Guatemala,Zona 7,65560,+502 1056-5125
1342,Agencia Escuintla 1342,Agencia,Escuintla,Escuintla,Zona 3,61654,+502 2423-4040
1343,Agencia Quetzaltenango 1343,Agencia,Quetzaltenango,Quetzaltenango,Zona 7,37501,+502 5727-1110
1344,Agencia Cobán 1344,Agencia,Alta Verapaz,Cobán,Zona 8,96039,+502 9094-5280
1345,Agencia Flores 1345,Agencia,Petén,Flores,Zona 7,79224,+502 7727-5949
1346,Agencia Chiquimula 1346,Agencia,Chiquimula,Chiquimula,Zona 7,76535,+502 9692-1748
1347,Agencia Jutiapa 1347,Agencia,Jutiapa,Jutiapa,Zona 10,96652,+502 6490-8838
1348,Agencia Jalapa 1348,Agencia,Jalapa,Jalapa,Zona 6,96873,+502 8858-9399
1349,Agencia Huehuetenango 1349,Agencia,Huehuetenango,Huehuetenango,Zona 9,43752,+502 8128-9036
1350,Agencia Guatemala 1350,Agencia,Guatemala,Guatemala,Zona 9,59321,+502 8101-8741
1351,Agencia Antigua Guatemala 1351,Agencia,Sacatepéquez,Antigua Guatemala,Zona 7,19672,+502 6257-8453
1352,Agencia Escuintla 1352,Agencia,Escuintla,Escuintla,Zona 1,53429,+502 7456-6222
1353,Agencia Quetzaltenango 1353,Agencia,Quetzaltenango,Quetzaltenango,Zona 3,26664,+502 8322-8325
1354,Agencia Cobán 1354,Agencia,Alta Verapaz,Cobán,Zona 8,10743,+502 1385-9672
1355,Agencia Flores 1355,Agencia,Petén,Flores,Zona 9,32071,+502 3508-9315
1356,Agencia Chiquimula 1356,Agencia,Chiquimula,Chiquimula,Zona 4,50161,+502 8997-5444
1357,Agencia Jutiapa 1357,Agencia,Jutiapa,Jutiapa,Zona 3,44038,+502 7800-7303
1358,Agencia Jalapa 1358,Agencia,Jalapa,Jalapa,Zona 10,60691,+502 8712-9233
1359,Agencia Huehuetenango 1359,Agencia,Huehuetenango,Huehuetenango,Zona 1,37068,+502 9408-7972
1360,Agencia Guatemala 1360,Agencia,Guatemala,Guatemala,Zona 1,75593,+502 2018-3227
1361,Agencia Antigua Guatemala 1361,Agencia,Sacatepéquez,Antigua Guatemala,Zona 7,32226,+502 9612-7587
1362,Agencia Escuintla 1362,Agencia,Escuintla,Escuintla,Zona 4,27493,+502 1842-5346
1363,Agencia Quetzaltenango 1363,Agencia,Quetzaltenango,Quetzaltenango,Zona 3,68330,+502 7402-4803
1364,Agencia Cobán 1364,Agencia,Alta Verapaz,Cobán,Zona 9,13469,+502 9576-5881
1365,Agencia Flores 1365,Agencia,Petén,Flores,Zona 2,14120,+502 4364-3042
1366,Agencia Chiquimula 1366,Agencia,Chiquimula,Chiquimula,Zona 3,82293,+502 8687-6868
1367,Agencia Jutiapa 1367,Agencia,Jutiapa,Jutiapa,Zona 1,16915,+502 4725-6270
1368,Agencia Jalapa 1368,Agencia,Jalapa,Jalapa,Zona 6,66546,+502 7023-9213
1369,Agencia Huehuetenango 1369,Agencia,Huehuetenango,Huehuetenango,Zona 6,19328,+502 8407-6303
1370,Agencia Guatemala 1370,Agencia,Guatemala,Guatemala,Zona 2,83778,+502 6451-6141
1371,Agencia Antigua Guatemala 1371,Agencia,Sacatepéquez,Antigua Guatemala,Zona 4,48577,+502 5657-9314
1372,Agencia Escuintla 1372,Agencia,Escuintla,Escuintla,Zona 1,49572,+502 9088-9469
1373,Agencia Quetzaltenango 1373,Agencia,Quetzaltenango,Quetzaltenango,Zona 10,89524,+502 4771-9290
1374,Agencia Cobán 1374,Agencia,Alta Verapaz,Cobán,Zona 8,18760,+502 8029-2981
1375,Agencia Flores 1375,Agencia,Petén,Flores,Zona 8,34287,+502 6705-5437
1376,Agencia Chiquimula 1376,Agencia,Chiquimula,Chiquimula,Zona 4,97906,+502 3905-5362
1377,Agencia Jutiapa 1377,Agencia,Jutiapa,Jutiapa,Zona 2,51444,+502 2447-3033
1378,Agencia Jalapa 1378,Agencia,Jalapa,Jalapa,Zona 6,36270,+502 6595-4579
1379,Agencia Huehuetenango 1379,Agencia,Huehuetenango,Huehuetenango,Zona 2,52557,+502 2725-9501
1380,Agencia Guatemala 1380,Agencia,Guatemala,Guatemala,Zona 6,11334,+502 7357-2730
1381,Agencia Antigua Guatemala 1381,Agencia,Sacatepéquez,Antigua Guatemala,Zona 6,73001,+502 7567-8250
1382,Agencia Escuintla 1382,Agencia,Escuintla,Escuintla,Zona 9,64927,+502 4108-2359
1383,Agencia Quetzaltenango 1383,Agencia,Quetzaltenango,Quetzaltenango,Zona 7,63987,+502 9039-5620
1384,Agencia Cobán 1384,Agencia,Alta Verapaz,Cobán,Zona 3,45183,+502 8632-5457
1385,Agencia Flores 1385,Agencia,Petén,Flores,Zona 1,99869,+502 7502-3032
1386,Agencia Chiquimula 1386,Agencia,Chiquimula,Chiquimula,Zona 2,61525,+502 1928-8565
1387,Agencia Jutiapa 1387,Agencia,Jutiapa,Jutiapa,Zona 6,23905,+502 7851-5847
1388,Agencia Jalapa 1388,Agencia,Jalapa,Jalapa,Zona 2,92838,+502 8209-5934
1389,Agencia Huehuetenango 1389,Agencia,Huehuetenango,Huehuetenango,Zona 2,64111,+502 4239-6702
1390,Agencia Guatemala 1390,Agencia,Guatemala,Guatemala,Zona 8,92802,+502 7905-3344
1391,Agencia Antigua Guatemala 1391,Agencia,Sacatepéquez,Antigua Guatemala,Zona 4,52203,+502 5757-7793
1392,Agencia Escuintla 1392,Agencia,Escuintla,Escuintla,Zona 3,17571,+502 7887-3164
1393,Agencia Quetzaltenango 1393,Agencia,Quetzaltenango,Quetzaltenango,Zona 5,62352,+502 1490-2531
1394,Agencia Cobán 1394,Agencia,Alta Verapaz,Cobán,Zona 10,80314,+502 6009-7813
1395,Agencia Flores 1395,Agencia,Petén,Flores,Zona 6,61744,+502 8896-7129
1396,Agencia Chiquimula 1396,Agencia,Chiquimula,Chiquimula,Zona 10,58112,+502 8479-3791
1397,Agencia Jutiapa 1397,Agencia,Jutiapa,Jutiapa,Zona 7,22084,+502 5382-1724
1398,Agencia Jalapa 1398,Agencia,Jalapa,Jalapa,Zona 9,84701,+502 2657-4837
1399,Agencia Huehuetenango 1399,Agencia,Huehuetenango,Huehuetenango,Zona 3,98529,+502 3737-5794
1400,Agencia Guatemala 1400,Agencia,Guatemala,Guatemala,Zona 7,99237,+502 3413-8937
1401,Agencia Antigua Guatemala 1401,Agencia,Sacatepéquez,Antigua Guatemala,Zona 4,86327,+502 4076-9157
1402,Agencia Escuintla 1402,Agencia,Escuintla,Escuintla,Zona 10,87893,+502 8155-1968
1403,Agencia Quetzaltenango 1403,Agencia,Quetzaltenango,Quetzaltenango,Zona 3,84001,+502 2638-9982
1404,Agencia Cobán 1404,Agencia,Alta Verapaz,Cobán,Zona 1,29756,+502 6070-5004
1405,Agencia Flores 1405,Agencia,Petén,Flores,Zona 5,36858,+502 7592-4434
1406,Agencia Chiquimula 1406,Agencia,Chiquimula,Chiquimula,Zona 3,39487,+502 5860-1775
1407,Agencia Jutiapa 1407,Agencia,Jutiapa,Jutiapa,Zona 6,38416,+502 2200-9389
1408,Agencia Jalapa 1408,Agencia,Jalapa,Jalapa,Zona 9,72460,+502 8855-8189
1409,Agencia Huehuetenango 1409,Agencia,Huehuetenango,Huehuetenango,Zona 4,22882,+502 1601-8064
1410,Agencia Guatemala 1410,Agencia,Guatemala,Guatemala,Zona 10,51477,+502 9822-2578
1411,Agencia Antigua Guatemala 1411,Agencia,Sacatepéquez,Antigua Guatemala,Zona 5,47943,+502 9302-7665
1412,Agencia Escuintla 1412,Agencia,Escuintla,Escuintla,Zona 10,16279,+502 9599-4902
1413,Agencia Quetzaltenango 1413,Agencia,Quetzaltenango,Quetzaltenango,Zona 1,14746,+502 3279-1677
1414,Agencia Cobán 1414,Agencia,Alta Verapaz,Cobán,Zona 6,44373,+502 3296-2520
1415,Agencia Flores 1415,Agencia,Petén,Flores,Zona 4,58304,+502 5114-5402
1416,Agencia Chiquimula 1416,Agencia,Chiquimula,Chiquimula,Zona 7,94362,+502 5018-6354
1417,Agencia Jutiapa 1417,Agencia,Jutiapa,Jutiapa,Zona 6,52868,+502 2554-7966
1418,Agencia Jalapa 1418,Agencia,Jalapa,Jalapa,Zona 6,65584,+502 3497-5766
1419,Agencia Huehuetenango 1419,Agencia,Huehuetenango,Huehuetenango,Zona 5,28346,+502 6111-6595
1420,Agencia Guatemala 1420,Agencia,Guatemala,Guatemala,Zona 5,77928,+502 6472-3886
1421,Agencia Antigua Guatemala 1421,Agencia,Sacatepéquez,Antigua Guatemala,Zona 5,88497,+502 4852-9216
1422,Agencia Escuintla 1422,Agencia,Escuintla,Escuintla,Zona 4,92267,+502 5682-3275
1423,Agencia Quetzaltenango 1423,Agencia,Quetzaltenango,Quetzaltenango,Zona 9,83517,+502 6085-7164
1424,Agencia Cobán 1424,Agencia,Alta Verapaz,Cobán,Zona 9,67745,+502 3297-5320
1425,Agencia Flores 1425,Agencia,Petén,Flores,Zona 1,89228,+502 8383-6686
1426,Agencia Chiquimula 1426,Agencia,Chiquimula,Chiquimula,Zona 3,16838,+502 5795-4654
1427,Agencia Jutiapa 1427,Agencia,Jutiapa,Jutiapa,Zona 6,36493,+502 7285-9703
1428,Agencia Jalapa 1428,Agencia,Jalapa,Jalapa,Zona 10,93187,+502 5643-9849
1429,Agencia Huehuetenango 1429,Agencia,Huehuetenango,Huehuetenango,Zona 3,40172,+502 9155-2582
1430,Agencia Guatemala 1430,Agencia,Guatemala,Guatemala,Zona 10,59082,+502 3892-3875
1431,Agencia Antigua Guatemala 1431,Agencia,Sacatepéquez,Antigua Guatemala,Zona 10,76669,+502 7026-3821
1432,Agencia Escuintla 1432,Agencia,Escuintla,Escuintla,Zona 2,24868,+502 3567-2628
1433,Agencia Quetzaltenango 1433,Agencia,Quetzaltenango,Quetzaltenango,Zona 2,62706,+502 8381-9806
1434,Agencia Cobán 1434,Agencia,Alta Verapaz,Cobán,Zona 7,42815,+502 7690-4281
1435,Agencia Flores 1435,Agencia,Petén,Flores,Zona 9,41271,+502 2876-1381
1436,Agencia Chiquimula 1436,Agencia,Chiquimula,Chiquimula,Zona 2,64272,+502 6145-7073
1437,Agencia Jutiapa 1437,Agencia,Jutiapa,Jutiapa,Zona 2,49255,+502 4896-5382
1438,Agencia Jalapa 1438,Agencia,Jalapa,Jalapa,Zona 10,17017,+502 1654-8821
1439,Agencia Huehuetenango 1439,Agencia,Huehuetenango,Huehuetenango,Zona 8,85465,+502 7280-6563
1440,Agencia Guatemala 1440,Agencia,Guatemala,Guatemala,Zona 7,55318,+502 2310-1776
1441,Agencia Antigua Guatemala 1441,Agencia,Sacatepéquez,Antigua Guatemala,Zona 6,25765,+502 7185-8861
1442,Agencia Escuintla 1442,Agencia,Escuintla,Escuintla,Zona 5,52411,+502 2413-8876
1443,Agencia Quetzaltenango 1443,Agencia,Quetzaltenango,Quetzaltenango,Zona 3,87900,+502 9871-5702
1444,Agencia Cobán 1444,Agencia,Alta Verapaz,Cobán,Zona 6,94797,+502 1847-7965
1445,Agencia Flores 1445,Agencia,Petén,Flores,Zona 9,10111,+502 6609-9146
1446,Agencia Chiquimula 1446,Agencia,Chiquimula,Chiquimula,Zona 10,85796,+502 7559-7117
1447,Agencia Jutiapa 1447,Agencia,Jutiapa,Jutiapa,Zona 1,91397,+502 9780-9612
1448,Agencia Jalapa 1448,Agencia,Jalapa,Jalapa,Zona 10,94310,+502 6879-4503
1449,Agencia Huehuetenango 1449,Agencia,Huehuetenango,Huehuetenango,Zona 6,51506,+502 8553-2997
1450,Agencia Guatemala 1450,Agencia,Guatemala,Guatemala,Zona 8,76666,+502 5660-9299
1451,Agencia Antigua Guatemala 1451,Agencia,Sacatepéquez,Antigua Guatemala,Zona 3,95334,+502 6522-3645
1452,Agencia Escuintla 1452,Agencia,Escuintla,Escuintla,Zona 2,43421,+502 3754-3582
1453,Agencia Quetzaltenango 1453,Agencia,Quetzaltenango,Quetzaltenango,Zona 10,55970,+502 4472-9427
1454,Agencia Cobán 1454,Agencia,Alta Verapaz,Cobán,Zona 8,53850,+502 3013-6692
1455,Agencia Flores 1455,Agencia,Petén,Flores,Zona 10,59455,+502 6511-7538
1456,Agencia Chiquimula 1456,Agencia,Chiquimula,Chiquimula,Zona 3,42923,+502 6536-3631
1457,Agencia Jutiapa 1457,Agencia,Jutiapa,Jutiapa,Zona 10,65721,+502 5228-5241
1458,Agencia Jalapa 1458,Agencia,Jalapa,Jalapa,Zona 9,95166,+502 4210-2954
1459,Agencia Huehuetenango 1459,Agencia,Huehuetenango,Huehuetenango,Zona 2,79494,+502 7011-6451
1460,Agencia Guatemala 1460,Agencia,Guatemala,Guatemala,Zona 1,34565,+502 3370-3121
1461,Agencia Antigua Guatemala 1461,Agencia,Sacatepéquez,Antigua Guatemala,Zona 6,50876,+502 1582-3557
1462,Agencia Escuintla 1462,Agencia,Escuintla,Escuintla,Zona 7,29705,+502 2730-9744
1463,Agencia Quetzaltenango 1463,Agencia,Quetzaltenango,Quetzaltenango,Zona 10,71223,+502 1021-9089
1464,Agencia Cobán 1464,Agencia,Alta Verapaz,Cobán,Zona 4,93984,+502 2124-5715
1465,Agencia Flores 1465,Agencia,Petén,Flores,Zona 5,90675,+502 8444-3526
1466,Agencia Chiquimula 1466,Agencia,Chiquimula,Chiquimula,Zona 9,28615,+502 2015-6083
1467,Agencia Jutiapa 1467,Agencia,Jutiapa,Jutiapa,Zona 9,17880,+502 3896-6839
1468,Agencia Jalapa 1468,Agencia,Jalapa,Jalapa,Zona 4,16655,+502 5632-9170
1469,Agencia Huehuetenango 1469,Agencia,Huehuetenango,Huehuetenango,Zona 7,70218,+502 4209-4728
1470,Agencia Guatemala 1470,Agencia,Guatemala,Guatemala,Zona 6,35301,+502 3975-7478
1471,Agencia Antigua Guatemala 1471,Agencia,Sacatepéquez,Antigua Guatemala,Zona 9,75117,+502 7285-5189
1472,Agencia Escuintla 1472,Agencia,Escuintla,Escuintla,Zona 1,67835,+502 4857-2609
1473,Agencia Quetzaltenango 1473,Agencia,Quetzaltenango,Quetzaltenango,Zona 4,24471,+502 5954-3971
1474,Agencia Cobán 1474,Agencia,Alta Verapaz,Cobán,Zona 1,27170,+502 9726-2728
1475,Agencia Flores 1475,Agencia,Petén,Flores,Zona 4,46544,+502 4737-2699
1476,Agencia Chiquimula 1476,Agencia,Chiquimula,Chiquimula,Zona 9,98407,+502 8377-7559
1477,Agencia Jutiapa 1477,Agencia,Jutiapa,Jutiapa,Zona 1,78345,+502 2862-9629
1478,Agencia Jalapa 1478,Agencia,Jalapa,Jalapa,Zona 9,79320,+502 2217-5607
1479,Agencia Huehuetenango 1479,Agencia,Huehuetenango,Huehuetenango,Zona 3,96222,+502 3151-3080
1480,Agencia Guatemala 1480,Agencia,Guatemala,Guatemala,Zona 5,29648,+502 4959-2262
1481,Agencia Antigua Guatemala 1481,Agencia,Sacatepéquez,Antigua Guatemala,Zona 10,90252,+502 1274-3956
1482,Agencia Escuintla 1482,Agencia,Escuintla,Escuintla,Zona 10,96093,+502 4475-7863
1483,Agencia Quetzaltenango 1483,Agencia,Quetzaltenango,Quetzaltenango,Zona 9,39989,+502 1425-5533
1484,Agencia Cobán 1484,Agencia,Alta Verapaz,Cobán,Zona 8,92708,+502 6632-2305
1485,Agencia Flores 1485,Agencia,Petén,Flores,Zona 4,50569,+502 8146-7980
1486,Agencia Chiquimula 1486,Agencia,Chiquimula,Chiquimula,Zona 6,47644,+502 1530-2891
1487,Agencia Jutiapa 1487,Agencia,Jutiapa,Jutiapa,Zona 10,91967,+502 7216-6579
1488,Agencia Jalapa 1488,Agencia,Jalapa,Jalapa,Zona 4,30789,+502 6372-7898
1489,Agencia Huehuetenango 1489,Agencia,Huehuetenango,Huehuetenango,Zona 4,41290,+502 3735-7643
1490,Agencia Guatemala 1490,Agencia,Guatemala,Guatemala,Zona 8,66284,+502 1943-4058
1491,Agencia Antigua Guatemala 1491,Agencia,Sacatepéquez,Antigua Guatemala,Zona 4,98686,+502 9178-2653
1492,Agencia Escuintla 1492,Agencia,Escuintla,Escuintla,Zona 4,31495,+502 5688-2783
1493,Agencia Quetzaltenango 1493,Agencia,Quetzaltenango,Quetzaltenango,Zona 8,15994,+502 1405-8474
1494,Agencia Cobán 1494,Agencia,Alta Verapaz,Cobán,Zona 3,95920,+502 2103-8440
1495,Agencia Flores 1495,Agencia,Petén,Flores,Zona 4,23838,+502 9815-8933
1496,Agencia Chiquimula 1496,Agencia,Chiquimula,Chiquimula,Zona 5,14888,+502 2481-4884
1497,Agencia Jutiapa 1497,Agencia,Jutiapa,Jutiapa,Zona 8,17489,+502 4244-4317
1498,Agencia Jalapa 1498,Agencia,Jalapa,Jalapa,Zona 3,40743,+502 4906-6833
1499,Agencia Huehuetenango 1499,Agencia,Huehuetenango,Huehuetenango,Zona 9,60843,+502 7922-3203
1500,Agencia Guatemala 1500,Agencia,Guatemala,Guatemala,Zona 4,58458,+502 9991-2381
1501,Agencia Antigua Guatemala 1501,Agencia,Sacatepéquez,Antigua Guatemala,Zona 1,30566,+502 8259-7830
1502,Agencia Escuintla 1502,Agencia,Escuintla,Escuintla,Zona 8,73449,+502 9359-5624
1503,Agencia Quetzaltenango 1503,Agencia,Quetzaltenango,Quetzaltenango,Zona 5,55963,+502 4277-7966
1504,Agencia Cobán 1504,Agencia,Alta Verapaz,Cobán,Zona 8,78082,+502 3681-7131
1505,Agencia Flores 1505,Agencia,Petén,Flores,Zona 4,38189,+502 4470-3676
1506,Agencia Chiquimula 1506,Agencia,Chiquimula,Chiquimula,Zona 5,63922,+502 5168-6016
1507,Agencia Jutiapa 1507,Agencia,Jutiapa,Jutiapa,Zona 10,77609,+502 9426-3144
1508,Agencia Jalapa 1508,Agencia,Jalapa,Jalapa,Zona 5,71368,+502 9269-9459
1509,Agencia Huehuetenango 1509,Agencia,Huehuetenango,Huehuetenango,Zona 9,61377,+502 3722-9095
1510,Agencia Guatemala 1510,Agencia,Guatemala,Guatemala,Zona 6,88624,+502 8581-8186
1511,Agencia Antigua Guatemala 1511,Agencia,Sacatepéquez,Antigua Guatemala,Zona 3,29416,+502 2179-6106
1512,Agencia Escuintla 1512,Agencia,Escuintla,Escuintla,Zona 10,34452,+502 9983-9307
1513,Agencia Quetzaltenango 1513,Agencia,Quetzaltenango,Quetzaltenango,Zona 2,14455,+502 5355-7731
1514,Agencia Cobán 1514,Agencia,Alta Verapaz,Cobán,Zona 2,16803,+502 7770-1025
1515,Agencia Flores 1515,Agencia,Petén,Flores,Zona 1,32287,+502 2846-1521
1516,Agencia Chiquimula 1516,Agencia,Chiquimula,Chiquimula,Zona 8,25563,+502 9661-9882
1517,Agencia Jutiapa 1517,Agencia,Jutiapa,Jutiapa,Zona 3,81447,+502 7088-3501
1518,Agencia Jalapa 1518,Agencia,Jalapa,Jalapa,Zona 10,99685,+502 3645-2688
1519,Agencia Huehuetenango 1519,Agencia,Huehuetenango,Huehuetenango,Zona 9,96976,+502 7708-3123
1520,Agencia Guatemala 1520,Agencia,Guatemala,Guatemala,Zona 6,46191,+502 8730-7818
1521,Agencia Antigua Guatemala 1521,Agencia,Sacatepéquez,Antigua Guatemala,Zona 6,44034,+502 3988-7457
1522,Agencia Escuintla 1522,Agencia,Escuintla,Escuintla,Zona 10,82621,+502 6615-4269
1523,Agencia Quetzaltenango 1523,Agencia,Quetzaltenango,Quetzaltenango,Zona 7,13708,+502 5603-4345
1524,Agencia Cobán 1524,Agencia,Alta Verapaz,Cobán,Zona 8,20625,+502 7196-8908
1525,Agencia Flores 1525,Agencia,Petén,Flores,Zona 5,22925,+502 6332-5255
1526,Agencia Chiquimula 1526,Agencia,Chiquimula,Chiquimula,Zona 3,35575,+502 5431-3151
1527,Agencia Jutiapa 1527,Agencia,Jutiapa,Jutiapa,Zona 1,14632,+502 3855-5983
1528,Agencia Jalapa 1528,Agencia,Jalapa,Jalapa,Zona 6,51236,+502 4957-2863
1529,Agencia Huehuetenango 1529,Agencia,Huehuetenango,Huehuetenango,Zona 10,43822,+502 4399-6854
1530,Agencia Guatemala 1530,Agencia,Guatemala,Guatemala,Zona 5,99122,+502 9569-6740
1531,Agencia Antigua Guatemala 1531,Agencia,Sacatepéquez,Antigua Guatemala,Zona 6,27545,+502 6498-7762
1532,Agencia Escuintla 1532,Agencia,Escuintla,Escuintla,Zona 5,71243,+502 9295-2451
1533,Agencia Quetzaltenango 1533,Agencia,Quetzaltenango,Quetzaltenango,Zona 5,98274,+502 2166-6190
1534,Agencia Cobán 1534,Agencia,Alta Verapaz,Cobán,Zona 1,52530,+502 9128-6725
1535,Agencia Flores 1535,Agencia,Petén,Flores,Zona 8,21303,+502 8176-2040
1536,Agencia Chiquimula 1536,Agencia,Chiquimula,Chiquimula,Zona 5,14933,+502 8483-4073
1537,Agencia Jutiapa 1537,Agencia,Jutiapa,Jutiapa,Zona 9,82067,+502 3478-9323
1538,Agencia Jalapa 1538,Agencia,Jalapa,Jalapa,Zona 8,39003,+502 9548-7396
1539,Agencia Huehuetenango 1539,Agencia,Huehuetenango,Huehuetenango,Zona 2,39213,+502 1474-4747
1540,Agencia Guatemala 1540,Agencia,Guatemala,Guatemala,Zona 5,47154,+502 6642-2132
1541,Agencia Antigua Guatemala 1541,Agencia,Sacatepéquez,Antigua Guatemala,Zona 2,81178,+502 9111-8079
1542,Agencia Escuintla 1542,Agencia,Escuintla,Escuintla,Zona 2,44337,+502 6598-9675
1543,Agencia Quetzaltenango 1543,Agencia,Quetzaltenango,Quetzaltenango,Zona 3,73639,+502 9207-6715
1544,Agencia Cobán 1544,Agencia,Alta Verapaz,Cobán,Zona 7,56065,+502 7032-4499
1545,Agencia Flores 1545,Agencia,Petén,Flores,Zona 3,45052,+502 6823-3305
1546,Agencia Chiquimula 1546,Agencia,Chiquimula,Chiquimula,Zona 10,10164,+502 5753-6107
1547,Agencia Jutiapa 1547,Agencia,Jutiapa,Jutiapa,Zona 2,59476,+502 7205-3168
1548,Agencia Jalapa 1548,Agencia,Jalapa,Jalapa,Zona 6,29279,+502 5149-4469
1549,Agencia Huehuetenango 1549,Agencia,Huehuetenango,Huehuetenango,Zona 10,26748,+502 5006-4879
1550,Agencia Guatemala 1550,Agencia,Guatemala,Guatemala,Zona 3,94074,+502 8096-5762
1551,Agencia Antigua Guatemala 1551,Agencia,Sacatepéquez,Antigua Guatemala,Zona 10,43417,+502 9135-4834
1552,Agencia Escuintla 1552,Agencia,Escuintla,Escuintla,Zona 3,40424,+502 3498-7011
1553,Agencia Quetzaltenango 1553,Agencia,Quetzaltenango,Quetzaltenango,Zona 8,30824,+502 5797-7882
1554,Agencia Cobán 1554,Agencia,Alta Verapaz,Cobán,Zona 5,10401,+502 2232-6323
1555,Agencia Flores 1555,Agencia,Petén,Flores,Zona 10,35698,+502 7708-4311
1556,Agencia Chiquimula 1556,Agencia,Chiquimula,Chiquimula,Zona 4,83438,+502 1618-4218
1557,Agencia Jutiapa 1557,Agencia,Jutiapa,Jutiapa,Zona 9,61547,+502 7523-4026
1558,Agencia Jalapa 1558,Agencia,Jalapa,Jalapa,Zona 5,56654,+502 8629-7497
1559,Agencia Huehuetenango 1559,Agencia,Huehuetenango,Huehuetenango,Zona 7,50681,+502 6095-5142
1560,Agencia Guatemala 1560,Agencia,Guatemala,Guatemala,Zona 8,19744,+502 9592-1841
1561,Agencia Antigua Guatemala 1561,Agencia,Sacatepéquez,Antigua Guatemala,Zona 6,46062,+502 7970-9565
1562,Agencia Escuintla 1562,Agencia,Escuintla,Escuintla,Zona 3,99450,+502 1342-8931
1563,Agencia Quetzaltenango 1563,Agencia,Quetzaltenango,Quetzaltenango,Zona 1,85894,+502 4095-2588
1564,Agencia Cobán 1564,Agencia,Alta Verapaz,Cobán,Zona 10,47671,+502 5004-7676
1565,Agencia Flores 1565,Agencia,Petén,Flores,Zona 8,66520,+502 6994-1293
1566,Agencia Chiquimula 1566,Agencia,Chiquimula,Chiquimula,Zona 4,39860,+502 4835-8479
1567,Agencia Jutiapa 1567,Agencia,Jutiapa,Jutiapa,Zona 7,34967,+502 1756-8936
1568,Agencia Jalapa 1568,Agencia,Jalapa,Jalapa,Zona 4,66303,+502 1234-3123
1569,Agencia Huehuetenango 1569,Agencia,Huehuetenango,Huehuetenango,Zona 5,51355,+502 6433-1530
1570,Agencia Guatemala 1570,Agencia,Guatemala,Guatemala,Zona 3,31234,+502 9177-8295
1571,Agencia Antigua Guatemala 1571,Agencia,Sacatepéquez,Antigua Guatemala,Zona 5,69087,+502 8058-3595
1572,Agencia Escuintla 1572,Agencia,Escuintla,Escuintla,Zona 6,61184,+502 4863-7930
1573,Agencia Quetzaltenango 1573,Agencia,Quetzaltenango,Quetzaltenango,Zona 9,53589,+502 1802-5850
1574,Agencia Cobán 1574,Agencia,Alta Verapaz,Cobán,Zona 10,84341,+502 9977-6126
1575,Agencia Flores 1575,Agencia,Petén,Flores,Zona 6,41391,+502 5332-4323
1576,Agencia Chiquimula 1576,Agencia,Chiquimula,Chiquimula,Zona 1,81586,+502 3502-9187
1577,Agencia Jutiapa 1577,Agencia,Jutiapa,Jutiapa,Zona 6,29195,+502 2842-7623
1578,Agencia Jalapa 1578,Agencia,Jalapa,Jalapa,Zona 3,50585,+502 4515-8128
1579,Agencia Huehuetenango 1579,Agencia,Huehuetenango,Huehuetenango,Zona 9,75914,+502 2969-9627
1580,Agencia Guatemala 1580,Agencia,Guatemala,Guatemala,Zona 6,34957,+502 8431-4999
1581,Agencia Antigua Guatemala 1581,Agencia,Sacatepéquez,Antigua Guatemala,Zona 5,24972,+502 5248-6449
1582,Agencia Escuintla 1582,Agencia,Escuintla,Escuintla,Zona 9,58722,+502 2140-3124
1583,Agencia Quetzaltenango 1583,Agencia,Quetzaltenango,Quetzaltenango,Zona 4,36571,+502 4011-6104
1584,Agencia Cobán 1584,Agencia,Alta Verapaz,Cobán,Zona 3,95399,+502 5084-6455
1585,Agencia Flores 1585,Agencia,Petén,Flores,Zona 4,86396,+502 4964-3741
1586,Agencia Chiquimula 1586,Agencia,Chiquimula,Chiquimula,Zona 6,47655,+502 6700-7145
1587,Agencia Jutiapa 1587,Agencia,Jutiapa,Jutiapa,Zona 8,90224,+502 1006-5764
1588,Agencia Jalapa 1588,Agencia,Jalapa,Jalapa,Zona 8,69514,+502 9122-2739
1589,Agencia Huehuetenango 1589,Agencia,Huehuetenango,Huehuetenango,Zona 2,42909,+502 8699-3891
1590,Agencia Guatemala 1590,Agencia,Guatemala,Guatemala,Zona 1,21156,+502 4258-9763
1591,Agencia Antigua Guatemala 1591,Agencia,Sacatepéquez,Antigua Guatemala,Zona 1,11596,+502 8134-7516
1592,Agencia Escuintla 1592,Agencia,Escuintla,Escuintla,Zona 9,14563,+502 4911-1083
1593,Agencia Quetzaltenango 1593,Agencia,Quetzaltenango,Quetzaltenango,Zona 4,15462,+502 6974-5419
1594,Agencia Cobán 1594,Agencia,Alta Verapaz,Cobán,Zona 5,42987,+502 7728-9198
1595,Agencia Flores 1595,Agencia,Petén,Flores,Zona 1,54603,+502 3381-9684
1596,Agencia Chiquimula 1596,Agencia,Chiquimula,Chiquimula,Zona 7,62546,+502 9309-1888
1597,Agencia Jutiapa 1597,Agencia,Jutiapa,Jutiapa,Zona 1,87881,+502 4834-4398
1598,Agencia Jalapa 1598,Agencia,Jalapa,Jalapa,Zona 9,93578,+502 8268-2729
1599,Agencia Huehuetenango 1599,Agencia,Huehuetenango,Huehuetenango,Zona 1,95072,+502 6843-4398
1600,Agencia Guatemala 1600,Agencia,Guatemala,Guatemala,Zona 5,36754,+502 4872-9788
1601,Agencia Antigua Guatemala 1601,Agencia,Sacatepéquez,Antigua Guatemala,Zona 4,63476,+502 2136-2131
1602,Agencia Escuintla 1602,Agencia,Escuintla,Escuintla,Zona 3,90798,+502 2108-5009
1603,Agencia Quetzaltenango 1603,Agencia,Quetzaltenango,Quetzaltenango,Zona 9,68568,+502 1639-7768
1604,Agencia Cobán 1604,Agencia,Alta Verapaz,Cobán,Zona 8,81321,+502 6585-6405
1605,Agencia Flores 1605,Agencia,Petén,Flores,Zona 8,77442,+502 6777-7125
1606,Agencia Chiquimula 1606,Agencia,Chiquimula,Chiquimula,Zona 9,55483,+502 6345-1078
1607,Agencia Jutiapa 1607,Agencia,Jutiapa,Jutiapa,Zona 10,36373,+502 7210-4041
1608,Agencia Jalapa 1608,Agencia,Jalapa,Jalapa,Zona 9,26656,+502 1213-1826
1609,Agencia Huehuetenango 1609,Agencia,Huehuetenango,Huehuetenango,Zona 4,54583,+502 3485-8237
1610,Agencia Guatemala 1610,Agencia,Guatemala,Guatemala,Zona 6,76567,+502 3174-3098
1611,Agencia Antigua Guatemala 1611,Agencia,Sacatepéquez,Antigua Guatemala,Zona 4,42052,+502 5794-4429
1612,Agencia Escuintla 1612,Agencia,Escuintla,Escuintla,Zona 8,35958,+502 6475-7906
1613,Agencia Quetzaltenango 1613,Agencia,Quetzaltenango,Quetzaltenango,Zona 5,60448,+502 4356-8354
1614,Agencia Cobán 1614,Agencia,Alta Verapaz,Cobán,Zona 4,11735,+502 4318-3825
1615,Agencia Flores 1615,Agencia,Petén,Flores,Zona 7,62909,+502 2059-1944
1616,Agencia Chiquimula 1616,Agencia,Chiquimula,Chiquimula,Zona 3,49946,+502 9677-1331
1617,Agencia Jutiapa 1617,Agencia,Jutiapa,Jutiapa,Zona 1,56202,+502 3230-1819
1618,Agencia Jalapa 1618,Agencia,Jalapa,Jalapa,Zona 7,38654,+502 3604-4347
1619,Agencia Huehuetenango 1619,Agencia,Huehuetenango,Huehuetenango,Zona 7,26042,+502 2289-5105
1620,Agencia Guatemala 1620,Agencia,Guatemala,Guatemala,Zona 10,21571,+502 7033-4040
1621,Agencia Antigua Guatemala 1621,Agencia,Sacatepéquez,Antigua Guatemala,Zona 6,79987,+502 7017-1194
1622,Agencia Escuintla 1622,Agencia,Escuintla,Escuintla,Zona 5,94223,+502 6085-8999
1623,Agencia Quetzaltenango 1623,Agencia,Quetzaltenango,Quetzaltenango,Zona 10,54836,+502 3982-5518
1624,Agencia Cobán 1624,Agencia,Alta Verapaz,Cobán,Zona 8,82650,+502 1016-9756
1625,Agencia Flores 1625,Agencia,Petén,Flores,Zona 7,20535,+502 7853-2896
1626,Agencia Chiquimula 1626,Agencia,Chiquimula,Chiquimula,Zona 7,20945,+502 8668-2274
1627,Agencia Jutiapa 1627,Agencia,Jutiapa,Jutiapa,Zona 3,96538,+502 7041-9224
1628,Agencia Jalapa 1628,Agencia,Jalapa,Jalapa,Zona 10,21927,+502 3273-1787
1629,Agencia Huehuetenango 1629,Agencia,Huehuetenango,Huehuetenango,Zona 1,61592,+502 9439-2926
1630,Agencia Guatemala 1630,Agencia,Guatemala,Guatemala,Zona 4,22627,+502 6881-1164
1631,Agencia Antigua Guatemala 1631,Agencia,Sacatepéquez,Antigua Guatemala,Zona 1,47027,+502 2845-8194
1632,Agencia Escuintla 1632,Agencia,Escuintla,Escuintla,Zona 8,14078,+502 1684-8107
1633,Agencia Quetzaltenango 1633,Agencia,Quetzaltenango,Quetzaltenango,Zona 9,88020,+502 8147-7851
1634,Agencia Cobán 1634,Agencia,Alta Verapaz,Cobán,Zona 2,88787,+502 4645-9904
1635,Agencia Flores 1635,Agencia,Petén,Flores,Zona 6,52784,+502 7178-3052
1636,Agencia Chiquimula 1636,Agencia,Chiquimula,Chiquimula,Zona 3,71849,+502 5377-3748
1637,Agencia Jutiapa 1637,Agencia,Jutiapa,Jutiapa,Zona 9,49125,+502 4287-3527
1638,Agencia Jalapa 1638,Agencia,Jalapa,Jalapa,Zona 7,68623,+502 8244-6379
1639,Agencia Huehuetenango 1639,Agencia,Huehuetenango,Huehuetenango,Zona 1,20908,+502 8488-3650
1640,Agencia Guatemala 1640,Agencia,Guatemala,Guatemala,Zona 4,62568,+502 4175-9827
1641,Agencia Antigua Guatemala 1641,Agencia,Sacatepéquez,Antigua Guatemala,Zona 3,48152,+502 6927-8898
1642,Agencia Escuintla 1642,Agencia,Escuintla,Escuintla,Zona 9,62130,+502 2237-9350
1643,Agencia Quetzaltenango 1643,Agencia,Quetzaltenango,Quetzaltenango,Zona 1,27337,+502 3141-6350
1644,Agencia Cobán 1644,Agencia,Alta Verapaz,Cobán,Zona 4,92245,+502 6706-3613
1645,Agencia Flores 1645,Agencia,Petén,Flores,Zona 2,27205,+502 7817-6056
1646,Agencia Chiquimula 1646,Agencia,Chiquimula,Chiquimula,Zona 7,27174,+502 9667-6632
1647,Agencia Jutiapa 1647,Agencia,Jutiapa,Jutiapa,Zona 7,74654,+502 6179-9707
1648,Agencia Jalapa 1648,Agencia,Jalapa,Jalapa,Zona 6,42426,+502 2926-7286
1649,Agencia Huehuetenango 1649,Agencia,Huehuetenango,Huehuetenango,Zona 3,83765,+502 1155-1182
1650,Agencia Guatemala 1650,Agencia,Guatemala,Guatemala,Zona 3,81323,+502 1650-7061
1651,Agencia Antigua Guatemala 1651,Agencia,Sacatepéquez,Antigua Guatemala,Zona 6,53893,+502 5287-8322
1652,Agencia Escuintla 1652,Agencia,Escuintla,Escuintla,Zona 9,32197,+502 9105-2184
1653,Agencia Quetzaltenango 1653,Agencia,Quetzaltenango,Quetzaltenango,Zona 10,64981,+502 2486-4123
1654,Agencia Cobán 1654,Agencia,Alta Verapaz,Cobán,Zona 5,47930,+502 9937-1077
1655,Agencia Flores 1655,Agencia,Petén,Flores,Zona 7,49274,+502 8445-9635
1656,Agencia Chiquimula 1656,Agencia,Chiquimula,Chiquimula,Zona 3,43739,+502 9786-3397
1657,Agencia Jutiapa 1657,Agencia,Jutiapa,Jutiapa,Zona 5,50288,+502 7068-6421
1658,Agencia Jalapa 1658,Agencia,Jalapa,Jalapa,Zona 5,88306,+502 7509-6579
1659,Agencia Huehuetenango 1659,Agencia,Huehuetenango,Huehuetenango,Zona 4,91843,+502 9798-2645
1660,Agencia Guatemala 1660,Agencia,Guatemala,Guatemala,Zona 9,54028,+502 4975-6436
1661,Agencia Antigua Guatemala 1661,Agencia,Sacatepéquez,Antigua Guatemala,Zona 3,60272,+502 6534-2840
1662,Agencia Escuintla 1662,Agencia,Escuintla,Escuintla,Zona 2,24246,+502 6978-9272
1663,Agencia Quetzaltenango 1663,Agencia,Quetzaltenango,Quetzaltenango,Zona 5,51811,+502 9121-4970
1664,Agencia Cobán 1664,Agencia,Alta Verapaz,Cobán,Zona 1,18309,+502 5226-9885
1665,Agencia Flores 1665,Agencia,Petén,Flores,Zona 3,75439,+502 3047-4053
1666,Agencia Chiquimula 1666,Agencia,Chiquimula,Chiquimula,Zona 1,93824,+502 4847-7666
1667,Agencia Jutiapa 1667,Agencia,Jutiapa,Jutiapa,Zona 7,13177,+502 9013-5390
1668,Agencia Jalapa 1668,Agencia,Jalapa,Jalapa,Zona 2,17372,+502 9390-9529
1669,Agencia Huehuetenango 1669,Agencia,Huehuetenango,Huehuetenango,Zona 6,78529,+502 6507-4267
1670,Agencia Guatemala 1670,Agencia,Guatemala,Guatemala,Zona 3,15047,+502 5560-7184
1671,Agencia Antigua Guatemala 1671,Agencia,Sacatepéquez,Antigua Guatemala,Zona 5,39717,+502 8442-6578
1672,Agencia Escuintla 1672,Agencia,Escuintla,Escuintla,Zona 8,61739,+502 7669-7981
1673,Agencia Quetzaltenango 1673,Agencia,Quetzaltenango,Quetzaltenango,Zona 4,80312,+502 5049-9994
1674,Agencia Cobán 1674,Agencia,Alta Verapaz,Cobán,Zona 7,15412,+502 1101-6935
1675,Agencia Flores 1675,Agencia,Petén,Flores,Zona 1,24368,+502 9380-4746
1676,Agencia Chiquimula 1676,Agencia,Chiquimula,Chiquimula,Zona 7,43228,+502 2892-7918
1677,Agencia Jutiapa 1677,Agencia,Jutiapa,Jutiapa,Zona 6,62349,+502 5383-2587
1678,Agencia Jalapa 1678,Agencia,Jalapa,Jalapa,Zona 2,82046,+502 4903-6051
1679,Agencia Huehuetenango 1679,Agencia,Huehuetenango,Huehuetenango,Zona 9,32933,+502 9078-7221
1680,Agencia Guatemala 1680,Agencia,Guatemala,Guatemala,Zona 5,38693,+502 1944-5519
1681,Agencia Antigua Guatemala 1681,Agencia,Sacatepéquez,Antigua Guatemala,Zona 8,92223,+502 5323-8784
1682,Agencia Escuintla 1682,Agencia,Escuintla,Escuintla,Zona 2,15890,+502 6654-1486
1683,Agencia Quetzaltenango 1683,Agencia,Quetzaltenango,Quetzaltenango,Zona 1,60526,+502 4947-1676
1684,Agencia Cobán 1684,Agencia,Alta Verapaz,Cobán,Zona 7,18162,+502 8574-9827
1685,Agencia Flores 1685,Agencia,Petén,Flores,Zona 2,54350,+502 6663-8012
1686,Agencia Chiquimula 1686,Agencia,Chiquimula,Chiquimula,Zona 4,93821,+502 9450-7019
1687,Agencia Jutiapa 1687,Agencia,Jutiapa,Jutiapa,Zona 8,46810,+502 3363-9952
1688,Agencia Jalapa 1688,Agencia,Jalapa,Jalapa,Zona 1,75459,+502 2770-5196
1689,Agencia Huehuetenango 1689,Agencia,Huehuetenango,Huehuetenango,Zona 9,85590,+502 7360-2777
1690,Agencia Guatemala 1690,Agencia,Guatemala,Guatemala,Zona 10,23565,+502 2119-3834
1691,Agencia Antigua Guatemala 1691,Agencia,Sacatepéquez,Antigua Guatemala,Zona 2,85188,+502 7924-5468
1692,Agencia Escuintla 1692,Agencia,Escuintla,Escuintla,Zona 8,56450,+502 1021-5015
1693,Agencia Quetzaltenango 1693,Agencia,Quetzaltenango,Quetzaltenango,Zona 1,35916,+502 5850-4913
1694,Agencia Cobán 1694,Agencia,Alta Verapaz,Cobán,Zona 5,32314,+502 7295-1862
1695,Agencia Flores 1695,Agencia,Petén,Flores,Zona 10,96354,+502 4926-8713
1696,Agencia Chiquimula 1696,Agencia,Chiquimula,Chiquimula,Zona 8,89752,+502 8518-1806
1697,Agencia Jutiapa 1697,Agencia,Jutiapa,Jutiapa,Zona 5,39774,+502 1285-7795
1698,Agencia Jalapa 1698,Agencia,Jalapa,Jalapa,Zona 4,10393,+502 7476-7760
1699,Agencia Huehuetenango 1699,Agencia,Huehuetenango,Huehuetenango,Zona 2,94321,+502 9711-5791
1700,Agencia Guatemala 1700,Agencia,Guatemala,Guatemala,Zona 3,68153,+502 5578-4665
1701,Agencia Antigua Guatemala 1701,Agencia,Sacatepéquez,Antigua Guatemala,Zona 4,98568,+502 2849-8047
1702,Agencia Escuintla 1702,Agencia,Escuintla,Escuintla,Zona 1,68913,+502 4682-5756
1703,Agencia Quetzaltenango 1703,Agencia,Quetzaltenango,Quetzaltenango,Zona 4,55985,+502 1001-4301
1704,Agencia Cobán 1704,Agencia,Alta Verapaz,Cobán,Zona 1,19240,+502 5846-1175
1705,Agencia Flores 1705,Agencia,Petén,Flores,Zona 9,23038,+502 6014-2164
1706,Agencia Chiquimula 1706,Agencia,Chiquimula,Chiquimula,Zona 9,38743,+502 5688-4946
1707,Agencia Jutiapa 1707,Agencia,Jutiapa,Jutiapa,Zona 5,28309,+502 8838-5999
1708,Agencia Jalapa 1708,Agencia,Jalapa,Jalapa,Zona 6,64849,+502 7246-3773
1709,Agencia Huehuetenango 1709,Agencia,Huehuetenango,Huehuetenango,Zona 9,12075,+502 9859-2230
1710,Agencia Guatemala 1710,Agencia,Guatemala,Guatemala,Zona 7,95540,+502 8596-1665
1711,Agencia Antigua Guatemala 1711,Agencia,Sacatepéquez,Antigua Guatemala,Zona 2,31890,+502 7356-6978
1712,Agencia Escuintla 1712,Agencia,Escuintla,Escuintla,Zona 4,76311,+502 6483-6869
1713,Agencia Quetzaltenango 1713,Agencia,Quetzaltenango,Quetzaltenango,Zona 4,24157,+502 9131-3551
1714,Agencia Cobán 1714,Agencia,Alta Verapaz,Cobán,Zona 5,58725,+502 5688-5607
1715,Agencia Flores 1715,Agencia,Petén,Flores,Zona 8,63409,+502 3409-6159
1716,Agencia Chiquimula 1716,Agencia,Chiquimula,Chiquimula,Zona 4,53302,+502 8027-1615
1717,Agencia Jutiapa 1717,Agencia,Jutiapa,Jutiapa,Zona 8,51354,+502 8874-9907
1718,Agencia Jalapa 1718,Agencia,Jalapa,Jalapa,Zona 6,22970,+502 7205-2681
1719,Agencia Huehuetenango 1719,Agencia,Huehuetenango,Huehuetenango,Zona 4,87989,+502 1992-4549
1720,Agencia Guatemala 1720,Agencia,Guatemala,Guatemala,Zona 8,89970,+502 7600-2310
1721,Agencia Antigua Guatemala 1721,Agencia,Sacatepéquez,Antigua Guatemala,Zona 9,72508,+502 4351-4561
1722,Agencia Escuintla 1722,Agencia,Escuintla,Escuintla,Zona 5,97910,+502 4210-7302
1723,Agencia Quetzaltenango 1723,Agencia,Quetzaltenango,Quetzaltenango,Zona 10,43981,+502 7440-7867
1724,Agencia Cobán 1724,Agencia,Alta Verapaz,Cobán,Zona 6,75570,+502 1412-6613
1725,Agencia Flores 1725,Agencia,Petén,Flores,Zona 1,88301,+502 5461-1930
1726,Agencia Chiquimula 1726,Agencia,Chiquimula,Chiquimula,Zona 10,33019,+502 4146-1901
1727,Agencia Jutiapa 1727,Agencia,Jutiapa,Jutiapa,Zona 6,74050,+502 1164-9217
1728,Agencia Jalapa 1728,Agencia,Jalapa,Jalapa,Zona 3,39178,+502 8219-1032
1729,Agencia Huehuetenango 1729,Agencia,Huehuetenango,Huehuetenango,Zona 8,38704,+502 2228-8293
1730,Agencia Guatemala 1730,Agencia,Guatemala,Guatemala,Zona 9,41494,+502 5411-7781
1731,Agencia Antigua Guatemala 1731,Agencia,Sacatepéquez,Antigua Guatemala,Zona 4,47737,+502 1051-3140
1732,Agencia Escuintla 1732,Agencia,Escuintla,Escuintla,Zona 7,72956,+502 1554-5291
1733,Agencia Quetzaltenango 1733,Agencia,Quetzaltenango,Quetzaltenango,Zona 5,21854,+502 3034-8751
1734,Agencia Cobán 1734,Agencia,Alta Verapaz,Cobán,Zona 4,52838,+502 1066-5783
1735,Agencia Flores 1735,Agencia,Petén,Flores,Zona 7,55493,+502 2075-4493
1736,Agencia Chiquimula 1736,Agencia,Chiquimula,Chiquimula,Zona 10,58002,+502 1503-2643
1737,Agencia Jutiapa 1737,Agencia,Jutiapa,Jutiapa,Zona 5,69645,+502 9060-1049
1738,Agencia Jalapa 1738,Agencia,Jalapa,Jalapa,Zona 9,29489,+502 1889-7820
1739,Agencia Huehuetenango 1739,Agencia,Huehuetenango,Huehuetenango,Zona 9,72690,+502 4385-7914
1740,Agencia Guatemala 1740,Agencia,Guatemala,Guatemala,Zona 10,76614,+502 5280-3166
1741,Agencia Antigua Guatemala 1741,Agencia,Sacatepéquez,Antigua Guatemala,Zona 9,10724,+502 2534-7716
1742,Agencia Escuintla 1742,Agencia,Escuintla,Escuintla,Zona 8,41364,+502 2393-1134
1743,Agencia Quetzaltenango 1743,Agencia,Quetzaltenango,Quetzaltenango,Zona 3,50709,+502 6169-6482
1744,Agencia Cobán 1744,Agencia,Alta Verapaz,Cobán,Zona 7,32651,+502 8346-9079
1745,Agencia Flores 1745,Agencia,Petén,Flores,Zona 10,50948,+502 6734-6539
1746,Agencia Chiquimula 1746,Agencia,Chiquimula,Chiquimula,Zona 6,57072,+502 8365-1147
1747,Agencia Jutiapa 1747,Agencia,Jutiapa,Jutiapa,Zona 4,97296,+502 7880-5289
1748,Agencia Jalapa 1748,Agencia,Jalapa,Jalapa,Zona 2,33527,+502 1387-7352
1749,Agencia Huehuetenango 1749,Agencia,Huehuetenango,Huehuetenango,Zona 5,94582,+502 4841-3800
1750,Agencia Guatemala 1750,Agencia,Guatemala,Guatemala,Zona 8,41190,+502 5281-1199
1751,Agencia Antigua Guatemala 1751,Agencia,Sacatepéquez,Antigua Guatemala,Zona 10,66932,+502 2461-3432
1752,Agencia Escuintla 1752,Agencia,Escuintla,Escuintla,Zona 8,44338,+502 6378-3164
1753,Agencia Quetzaltenango 1753,Agencia,Quetzaltenango,Quetzaltenango,Zona 7,84449,+502 8283-9077
1754,Agencia Cobán 1754,Agencia,Alta Verapaz,Cobán,Zona 4,70077,+502 1778-5972
1755,Agencia Flores 1755,Agencia,Petén,Flores,Zona 3,87054,+502 4018-3159
1756,Agencia Chiquimula 1756,Agencia,Chiquimula,Chiquimula,Zona 2,80265,+502 3776-4803
1757,Agencia Jutiapa 1757,Agencia,Jutiapa,Jutiapa,Zona 3,86132,+502 7695-1340
1758,Agencia Jalapa 1758,Agencia,Jalapa,Jalapa,Zona 8,56715,+502 8677-6034
1759,Agencia Huehuetenango 1759,Agencia,Huehuetenango,Huehuetenango,Zona 10,55990,+502 2886-3747
1760,Agencia Guatemala 1760,Agencia,Guatemala,Guatemala,Zona 7,73515,+502 3804-9116
1761,Agencia Antigua Guatemala 1761,Agencia,Sacatepéquez,Antigua Guatemala,Zona 2,80432,+502 1799-3571
1762,Agencia Escuintla 1762,Agencia,Escuintla,Escuintla,Zona 10,62211,+502 4035-5194
1763,Agencia Quetzaltenango 1763,Agencia,Quetzaltenango,Quetzaltenango,Zona 7,42819,+502 5322-8347
1764,Agencia Cobán 1764,Agencia,Alta Verapaz,Cobán,Zona 10,15475,+502 2990-1547
1765,Agencia Flores 1765,Agencia,Petén,Flores,Zona 3,35485,+502 8927-2703
1766,Agencia Chiquimula 1766,Agencia,Chiquimula,Chiquimula,Zona 9,90758,+502 8267-7672
1767,Agencia Jutiapa 1767,Agencia,Jutiapa,Jutiapa,Zona 3,34813,+502 6294-5346
1768,Agencia Jalapa 1768,Agencia,Jalapa,Jalapa,Zona 1,93266,+502 4286-3498
1769,Agencia Huehuetenango 1769,Agencia,Huehuetenango,Huehuetenango,Zona 9,81390,+502 9518-5193
1770,Agencia Guatemala 1770,Agencia,Guatemala,Guatemala,Zona 2,75193,+502 1560-1507
1771,Agencia Antigua Guatemala 1771,Agencia,Sacatepéquez,Antigua Guatemala,Zona 2,49649,+502 6981-3638
1772,Agencia Escuintla 1772,Agencia,Escuintla,Escuintla,Zona 9,35573,+502 6249-3034
1773,Agencia Quetzaltenango 1773,Agencia,Quetzaltenango,Quetzaltenango,Zona 1,84495,+502 8770-6906
1774,Agencia Cobán 1774,Agencia,Alta Verapaz,Cobán,Zona 6,76806,+502 8011-5971
1775,Agencia Flores 1775,Agencia,Petén,Flores,Zona 6,64838,+502 4083-1871
1776,Agencia Chiquimula 1776,Agencia,Chiquimula,Chiquimula,Zona 10,88625,+502 9042-4101
1777,Agencia Jutiapa 1777,Agencia,Jutiapa,Jutiapa,Zona 1,31671,+502 7515-1040
1778,Agencia Jalapa 1778,Agencia,Jalapa,Jalapa,Zona 1,46675,+502 1263-1787
1779,Agencia Huehuetenango 1779,Agencia,Huehuetenango,Huehuetenango,Zona 5,94596,+502 6895-4744
1780,Agencia Guatemala 1780,Agencia,Guatemala,Guatemala,Zona 5,90096,+502 4063-2470
1781,Agencia Antigua Guatemala 1781,Agencia,Sacatepéquez,Antigua Guatemala,Zona 9,18806,+502 7959-4043
1782,Agencia Escuintla 1782,Agencia,Escuintla,Escuintla,Zona 10,33513,+502 5393-1095
1783,Agencia Quetzaltenango 1783,Agencia,Quetzaltenango,Quetzaltenango,Zona 3,96753,+502 9798-2256
1784,Agencia Cobán 1784,Agencia,Alta Verapaz,Cobán,Zona 3,12382,+502 6212-6891
1785,Agencia Flores 1785,Agencia,Petén,Flores,Zona 5,89062,+502 9701-6989
1786,Agencia Chiquimula 1786,Agencia,Chiquimula,Chiquimula,Zona 10,76779,+502 3614-1400
1787,Agencia Jutiapa 1787,Agencia,Jutiapa,Jutiapa,Zona 7,53587,+502 4836-3851
1788,Agencia Jalapa 1788,Agencia,Jalapa,Jalapa,Zona 7,79260,+502 5502-2871
1789,Agencia Huehuetenango 1789,Agencia,Huehuetenango,Huehuetenango,Zona 10,58818,+502 7691-3850
1790,Agencia Guatemala 1790,Agencia,Guatemala,Guatemala,Zona 2,57310,+502 3730-3042
1791,Agencia Antigua Guatemala 1791,Agencia,Sacatepéquez,Antigua Guatemala,Zona 9,66281,+502 8426-3814
1792,Agencia Escuintla 1792,Agencia,Escuintla,Escuintla,Zona 7,39120,+502 3815-5270
1793,Agencia Quetzaltenango 1793,Agencia,Quetzaltenango,Quetzaltenango,Zona 9,14874,+502 9522-2386
1794,Agencia Cobán 1794,Agencia,Alta Verapaz,Cobán,Zona 4,14239,+502 9705-2274
1795,Agencia Flores 1795,Agencia,Petén,Flores,Zona 5,19531,+502 7025-9458
1796,Agencia Chiquimula 1796,Agencia,Chiquimula,Chiquimula,Zona 8,27981,+502 9080-9251
1797,Agencia Jutiapa 1797,Agencia,Jutiapa,Jutiapa,Zona 1,52274,+502 4266-6382
1798,Agencia Jalapa 1798,Agencia,Jalapa,Jalapa,Zona 3,23317,+502 2632-1685
1799,Agencia Huehuetenango 1799,Agencia,Huehuetenango,Huehuetenango,Zona 6,75134,+502 1835-1726
1800,Agencia Guatemala 1800,Agencia,Guatemala,Guatemala,Zona 7,89349,+502 1622-3157
1801,Agencia Antigua Guatemala 1801,Agencia,Sacatepéquez,Antigua Guatemala,Zona 1,47101,+502 3822-7280
1802,Agencia Escuintla 1802,Agencia,Escuintla,Escuintla,Zona 3,58898,+502 8425-7748
1803,Agencia Quetzaltenango 1803,Agencia,Quetzaltenango,Quetzaltenango,Zona 4,93283,+502 5115-1682
1804,Agencia Cobán 1804,Agencia,Alta Verapaz,Cobán,Zona 4,18975,+502 2148-9505
1805,Agencia Flores 1805,Agencia,Petén,Flores,Zona 6,59998,+502 1891-2381
1806,Agencia Chiquimula 1806,Agencia,Chiquimula,Chiquimula,Zona 8,40444,+502 1985-6675
1807,Agencia Jutiapa 1807,Agencia,Jutiapa,Jutiapa,Zona 5,80846,+502 6079-5625
1808,Agencia Jalapa 1808,Agencia,Jalapa,Jalapa,Zona 1,21387,+502 8104-8112
1809,Agencia Huehuetenango 1809,Agencia,Huehuetenango,Huehuetenango,Zona 4,60757,+502 1477-1246
1810,Agencia Guatemala 1810,Agencia,Guatemala,Guatemala,Zona 1,62816,+502 1628-6590
1811,Agencia Antigua Guatemala 1811,Agencia,Sacatepéquez,Antigua Guatemala,Zona 6,35613,+502 2746-1460
1812,Agencia Escuintla 1812,Agencia,Escuintla,Escuintla,Zona 8,26194,+502 5425-8692
1813,Agencia Quetzaltenango 1813,Agencia,Quetzaltenango,Quetzaltenango,Zona 10,90520,+502 7703-2659
1814,Agencia Cobán 1814,Agencia,Alta Verapaz,Cobán,Zona 2,14342,+502 4690-7222
1815,Agencia Flores 1815,Agencia,Petén,Flores,Zona 10,57286,+502 3830-9182
1816,Agencia Chiquimula 1816,Agencia,Chiquimula,Chiquimula,Zona 1,95535,+502 1730-3588
1817,Agencia Jutiapa 1817,Agencia,Jutiapa,Jutiapa,Zona 10,31426,+502 4249-3157
1818,Agencia Jalapa 1818,Agencia,Jalapa,Jalapa,Zona 10,20541,+502 4815-1148
1819,Agencia Huehuetenango 1819,Agencia,Huehuetenango,Huehuetenango,Zona 8,97689,+502 1712-5609
1820,Agencia Guatemala 1820,Agencia,Guatemala,Guatemala,Zona 5,48999,+502 8896-8834
1821,Agencia Antigua Guatemala 1821,Agencia,Sacatepéquez,Antigua Guatemala,Zona 10,90893,+502 3781-8604
1822,Agencia Escuintla 1822,Agencia,Escuintla,Escuintla,Zona 3,90739,+502 9127-6100
1823,Agencia Quetzaltenango 1823,Agencia,Quetzaltenango,Quetzaltenango,Zona 1,85569,+502 3370-6971
1824,Agencia Cobán 1824,Agencia,Alta Verapaz,Cobán,Zona 9,67983,+502 9086-3767
1825,Agencia Flores 1825,Agencia,Petén,Flores,Zona 6,68906,+502 2204-4749
1826,Agencia Chiquimula 1826,Agencia,Chiquimula,Chiquimula,Zona 4,95457,+502 6875-2758
1827,Agencia Jutiapa 1827,Agencia,Jutiapa,Jutiapa,Zona 5,94738,+502 6302-8858
1828,Agencia Jalapa 1828,Agencia,Jalapa,Jalapa,Zona 3,12454,+502 7226-6863
1829,Agencia Huehuetenango 1829,Agencia,Huehuetenango,Huehuetenango,Zona 1,27493,+502 9344-4614
1830,Agencia Guatemala 1830,Agencia,Guatemala,Guatemala,Zona 6,26157,+502 3397-8727
1831,Agencia Antigua Guatemala 1831,Agencia,Sacatepéquez,Antigua Guatemala,Zona 1,52806,+502 2587-7229
1832,Agencia Escuintla 1832,Agencia,Escuintla,Escuintla,Zona 8,40110,+502 5266-5350
1833,Agencia Quetzaltenango 1833,Agencia,Quetzaltenango,Quetzaltenango,Zona 3,91661,+502 2405-8280
1834,Agencia Cobán 1834,Agencia,Alta Verapaz,Cobán,Zona 7,67924,+502 6933-8965
1835,Agencia Flores 1835,Agencia,Petén,Flores,Zona 4,91833,+502 4040-8065
1836,Agencia Chiquimula 1836,Agencia,Chiquimula,Chiquimula,Zona 5,35722,+502 4908-2135
1837,Agencia Jutiapa 1837,Agencia,Jutiapa,Jutiapa,Zona 10,60485,+502 1310-1034
1838,Agencia Jalapa 1838,Agencia,Jalapa,Jalapa,Zona 7,40894,+502 6231-6241
1839,Agencia Huehuetenango 1839,Agencia,Huehuetenango,Huehuetenango,Zona 10,76792,+502 5328-3625
1840,Agencia Guatemala 1840,Agencia,Guatemala,Guatemala,Zona 8,85714,+502 8457-7742
1841,Agencia Antigua Guatemala 1841,Agencia,Sacatepéquez,Antigua Guatemala,Zona 5,60461,+502 9550-5392
1842,Agencia Escuintla 1842,Agencia,Escuintla,Escuintla,Zona 9,25209,+502 7939-4614
1843,Agencia Quetzaltenango 1843,Agencia,Quetzaltenango,Quetzaltenango,Zona 2,64979,+502 8568-2495
1844,Agencia Cobán 1844,Agencia,Alta Verapaz,Cobán,Zona 3,74625,+502 5331-7240
1845,Agencia Flores 1845,Agencia,Petén,Flores,Zona 8,95933,+502 8132-5988
1846,Agencia Chiquimula 1846,Agencia,Chiquimula,Chiquimula,Zona 1,80224,+502 9837-2863
1847,Agencia Jutiapa 1847,Agencia,Jutiapa,Jutiapa,Zona 9,44911,+502 6800-3481
1848,Agencia Jalapa 1848,Agencia,Jalapa,Jalapa,Zona 9,68056,+502 9655-7269
1849,Agencia Huehuetenango 1849,Agencia,Huehuetenango,Huehuetenango,Zona 6,28333,+502 5703-4715
1850,Agencia Guatemala 1850,Agencia,Guatemala,Guatemala,Zona 9,77809,+502 7054-6265
1851,Agencia Antigua Guatemala 1851,Agencia,Sacatepéquez,Antigua Guatemala,Zona 1,77136,+502 9171-1339
1852,Agencia Escuintla 1852,Agencia,Escuintla,Escuintla,Zona 8,74886,+502 6175-8887
1853,Agencia Quetzaltenango 1853,Agencia,Quetzaltenango,Quetzaltenango,Zona 4,44841,+502 5772-5161
1854,Agencia Cobán 1854,Agencia,Alta Verapaz,Cobán,Zona 1,64442,+502 3387-1738
1855,Agencia Flores 1855,Agencia,Petén,Flores,Zona 7,98851,+502 9052-1996
1856,Agencia Chiquimula 1856,Agencia,Chiquimula,Chiquimula,Zona 9,94827,+502 9660-8011
1857,Agencia Jutiapa 1857,Agencia,Jutiapa,Jutiapa,Zona 9,87479,+502 4979-8291
1858,Agencia Jalapa 1858,Agencia,Jalapa,Jalapa,Zona 1,21103,+502 4745-6454
1859,Agencia Huehuetenango 1859,Agencia,Huehuetenango,Huehuetenango,Zona 6,19968,+502 2670-9432
1860,Agencia Guatemala 1860,Agencia,Guatemala,Guatemala,Zona 8,94290,+502 5023-8975
1861,Agencia Antigua Guatemala 1861,Agencia,Sacatepéquez,Antigua Guatemala,Zona 4,86101,+502 6651-3637
1862,Agencia Escuintla 1862,Agencia,Escuintla,Escuintla,Zona 9,26019,+502 3550-6734
1863,Agencia Quetzaltenango 1863,Agencia,Quetzaltenango,Quetzaltenango,Zona 3,69812,+502 8117-7616
1864,Agencia Cobán 1864,Agencia,Alta Verapaz,Cobán,Zona 6,60723,+502 7562-6440
1865,Agencia Flores 1865,Agencia,Petén,Flores,Zona 3,79855,+502 9851-2604
1866,Agencia Chiquimula 1866,Agencia,Chiquimula,Chiquimula,Zona 7,33959,+502 9597-2651
1867,Agencia Jutiapa 1867,Agencia,Jutiapa,Jutiapa,Zona 5,97844,+502 5049-9294
1868,Agencia Jalapa 1868,Agencia,Jalapa,Jalapa,Zona 5,79123,+502 6914-1954
1869,Agencia Huehuetenango 1869,Agencia,Huehuetenango,Huehuetenango,Zona 3,28522,+502 4546-1862
1870,Agencia Guatemala 1870,Agencia,Guatemala,Guatemala,Zona 10,49907,+502 4447-1223
1871,Agencia Antigua Guatemala 1871,Agencia,Sacatepéquez,Antigua Guatemala,Zona 2,13787,+502 8825-2655
1872,Agencia Escuintla 1872,Agencia,Escuintla,Escuintla,Zona 7,42058,+502 5426-4182
1873,Agencia Quetzaltenango 1873,Agencia,Quetzaltenango,Quetzaltenango,Zona 4,92601,+502 8001-3333
1874,Agencia Cobán 1874,Agencia,Alta Verapaz,Cobán,Zona 1,42454,+502 8286-5341
1875,Agencia Flores 1875,Agencia,Petén,Flores,Zona 6,86161,+502 9094-9632
1876,Agencia Chiquimula 1876,Agencia,Chiquimula,Chiquimula,Zona 6,42912,+502 9798-8956
1877,Agencia Jutiapa 1877,Agencia,Jutiapa,Jutiapa,Zona 7,43377,+502 4120-6389
1878,Agencia Jalapa 1878,Agencia,Jalapa,Jalapa,Zona 10,52895,+502 3743-9064
1879,Agencia Huehuetenango 1879,Agencia,Huehuetenango,Huehuetenango,Zona 7,91944,+502 6023-6702
1880,Agencia Guatemala 1880,Agencia,Guatemala,Guatemala,Zona 5,28858,+502 1530-7252
1881,Agencia Antigua Guatemala 1881,Agencia,Sacatepéquez,Antigua Guatemala,Zona 4,64039,+502 3556-2298
1882,Agencia Escuintla 1882,Agencia,Escuintla,Escuintla,Zona 2,33008,+502 4037-1448
1883,Agencia Quetzaltenango 1883,Agencia,Quetzaltenango,Quetzaltenango,Zona 7,48284,+502 6790-3244
1884,Agencia Cobán 1884,Agencia,Alta Verapaz,Cobán,Zona 7,53647,+502 7669-7400
1885,Agencia Flores 1885,Agencia,Petén,Flores,Zona 3,53353,+502 6480-3394
1886,Agencia Chiquimula 1886,Agencia,Chiquimula,Chiquimula,Zona 2,40982,+502 1126-3334
1887,Agencia Jutiapa 1887,Agencia,Jutiapa,Jutiapa,Zona 6,98366,+502 6505-9316
1888,Agencia Jalapa 1888,Agencia,Jalapa,Jalapa,Zona 8,31160,+502 9275-5676
1889,Agencia Huehuetenango 1889,Agencia,Huehuetenango,Huehuetenango,Zona 3,83914,+502 2765-6580
1890,Agencia Guatemala 1890,Agencia,Guatemala,Guatemala,Zona 1,60278,+502 4323-8121
1891,Agencia Antigua Guatemala 1891,Agencia,Sacatepéquez,Antigua Guatemala,Zona 1,79511,+502 5709-8170
1892,Agencia Escuintla 1892,Agencia,Escuintla,Escuintla,Zona 6,89866,+502 4543-8916
1893,Agencia Quetzaltenango 1893,Agencia,Quetzaltenango,Quetzaltenango,Zona 8,13183,+502 2346-7258
1894,Agencia Cobán 1894,Agencia,Alta Verapaz,Cobán,Zona 2,73147,+502 2847-3630
1895,Agencia Flores 1895,Agencia,Petén,Flores,Zona 3,62668,+502 5679-6361
1896,Agencia Chiquimula 1896,Agencia,Chiquimula,Chiquimula,Zona 7,66643,+502 4028-8594
1897,Agencia Jutiapa 1897,Agencia,Jutiapa,Jutiapa,Zona 10,41355,+502 6090-8075
1898,Agencia Jalapa 1898,Agencia,Jalapa,Jalapa,Zona 10,40687,+502 3895-7738
1899,Agencia Huehuetenango 1899,Agencia,Huehuetenango,Huehuetenango,Zona 9,46616,+502 9533-2387
1900,Agencia Guatemala 1900,Agencia,Guatemala,Guatemala,Zona 4,93582,+502 7319-1653
1901,Agencia Antigua Guatemala 1901,Agencia,Sacatepéquez,Antigua Guatemala,Zona 8,82726,+502 8070-5360
1902,Agencia Escuintla 1902,Agencia,Escuintla,Escuintla,Zona 4,79908,+502 9783-9327
1903,Agencia Quetzaltenango 1903,Agencia,Quetzaltenango,Quetzaltenango,Zona 10,13857,+502 7768-7714
1904,Agencia Cobán 1904,Agencia,Alta Verapaz,Cobán,Zona 7,45744,+502 3844-7852
1905,Agencia Flores 1905,Agencia,Petén,Flores,Zona 5,69039,+502 3129-9126
1906,Agencia Chiquimula 1906,Agencia,Chiquimula,Chiquimula,Zona 6,38167,+502 2988-4937
1907,Agencia Jutiapa 1907,Agencia,Jutiapa,Jutiapa,Zona 5,88811,+502 7769-5757
1908,Agencia Jalapa 1908,Agencia,Jalapa,Jalapa,Zona 3,94145,+502 7959-9928
1909,Agencia Huehuetenango 1909,Agencia,Huehuetenango,Huehuetenango,Zona 1,16894,+502 7587-5193
1910,Agencia Guatemala 1910,Agencia,Guatemala,Guatemala,Zona 6,81651,+502 5643-8266
1911,Agencia Antigua Guatemala 1911,Agencia,Sacatepéquez,Antigua Guatemala,Zona 8,45045,+502 7784-3643
1912,Agencia Escuintla 1912,Agencia,Escuintla,Escuintla,Zona 3,75064,+502 5883-9820
1913,Agencia Quetzaltenango 1913,Agencia,Quetzaltenango,Quetzaltenango,Zona 10,44727,+502 4387-2163
1914,Agencia Cobán 1914,Agencia,Alta Verapaz,Cobán,Zona 3,12855,+502 2953-7945
1915,Agencia Flores 1915,Agencia,Petén,Flores,Zona 9,34036,+502 9250-2452
1916,Agencia Chiquimula 1916,Agencia,Chiquimula,Chiquimula,Zona 1,60822,+502 7212-5632
1917,Agencia Jutiapa 1917,Agencia,Jutiapa,Jutiapa,Zona 9,24002,+502 7098-7451
1918,Agencia Jalapa 1918,Agencia,Jalapa,Jalapa,Zona 10,11058,+502 6563-5589
1919,Agencia Huehuetenango 1919,Agencia,Huehuetenango,Huehuetenango,Zona 8,40224,+502 4757-1698
1920,Agencia Guatemala 1920,Agencia,Guatemala,Guatemala,Zona 6,22478,+502 8521-9592
1921,Agencia Antigua Guatemala 1921,Agencia,Sacatepéquez,Antigua Guatemala,Zona 8,60322,+502 9284-1668
1922,Agencia Escuintla 1922,Agencia,Escuintla,Escuintla,Zona 6,50765,+502 4454-9887
1923,Agencia Quetzaltenango 1923,Agencia,Quetzaltenango,Quetzaltenango,Zona 5,78143,+502 9950-8988
1924,Agencia Cobán 1924,Agencia,Alta Verapaz,Cobán,Zona 9,21702,+502 1400-1534
1925,Agencia Flores 1925,Agencia,Petén,Flores,Zona 9,37241,+502 1467-1469
1926,Agencia Chiquimula 1926,Agencia,Chiquimula,Chiquimula,Zona 5,21636,+502 9984-3941
1927,Agencia Jutiapa 1927,Agencia,Jutiapa,Jutiapa,Zona 5,67860,+502 3961-9106
1928,Agencia Jalapa 1928,Agencia,Jalapa,Jalapa,Zona 4,35964,+502 6441-7113
1929,Agencia Huehuetenango 1929,Agencia,Huehuetenango,Huehuetenango,Zona 4,91511,+502 4140-2261
1930,Agencia Guatemala 1930,Agencia,Guatemala,Guatemala,Zona 2,28479,+502 5705-9289
1931,Agencia Antigua Guatemala 1931,Agencia,Sacatepéquez,Antigua Guatemala,Zona 5,39567,+502 2978-5849
1932,Agencia Escuintla 1932,Agencia,Escuintla,Escuintla,Zona 7,94991,+502 3854-3993
1933,Agencia Quetzaltenango 1933,Agencia,Quetzaltenango,Quetzaltenango,Zona 6,56301,+502 6988-6082
1934,Agencia Cobán 1934,Agencia,Alta Verapaz,Cobán,Zona 10,81484,+502 2309-1559
1935,Agencia Flores 1935,Agencia,Petén,Flores,Zona 5,27336,+502 3129-7732
1936,Agencia Chiquimula 1936,Agencia,Chiquimula,Chiquimula,Zona 3,84438,+502 7442-1455
1937,Agencia Jutiapa 1937,Agencia,Jutiapa,Jutiapa,Zona 6,75857,+502 8325-9176
1938,Agencia Jalapa 1938,Agencia,Jalapa,Jalapa,Zona 2,32080,+502 5318-3781
1939,Agencia Huehuetenango 1939,Agencia,Huehuetenango,Huehuetenango,Zona 4,93485,+502 2412-9842
1940,Agencia Guatemala 1940,Agencia,Guatemala,Guatemala,Zona 6,89858,+502 1374-6928
1941,Agencia Antigua Guatemala 1941,Agencia,Sacatepéquez,Antigua Guatemala,Zona 4,55720,+502 9480-3159
1942,Agencia Escuintla 1942,Agencia,Escuintla,Escuintla,Zona 1,68535,+502 4321-8994
1943,Agencia Quetzaltenango 1943,Agencia,Quetzaltenango,Quetzaltenango,Zona 7,63779,+502 5134-5858
1944,Agencia Cobán 1944,Agencia,Alta Verapaz,Cobán,Zona 5,47330,+502 1874-4461
1945,Agencia Flores 1945,Agencia,Petén,Flores,Zona 5,38159,+502 6366-1876
1946,Agencia Chiquimula 1946,Agencia,Chiquimula,Chiquimula,Zona 4,16079,+502 5086-6737
1947,Agencia Jutiapa 1947,Agencia,Jutiapa,Jutiapa,Zona 1,43849,+502 4371-7872
1948,Agencia Jalapa 1948,Agencia,Jalapa,Jalapa,Zona 1,91229,+502 3516-4270
1949,Agencia Huehuetenango 1949,Agencia,Huehuetenango,Huehuetenango,Zona 6,59588,+502 2150-6528
1950,Agencia Guatemala 1950,Agencia,Guatemala,Guatemala,Zona 9,61467,+502 8673-2072
1951,Agencia Antigua Guatemala 1951,Agencia,Sacatepéquez,Antigua Guatemala,Zona 10,51385,+502 8817-2335
1952,Agencia Escuintla 1952,Agencia,Escuintla,Escuintla,Zona 10,84483,+502 9183-6892
1953,Agencia Quetzaltenango 1953,Agencia,Quetzaltenango,Quetzaltenango,Zona 4,14210,+502 7595-9246
1954,Agencia Cobán 1954,Agencia,Alta Verapaz,Cobán,Zona 1,97521,+502 5846-5720
1955,Agencia Flores 1955,Agencia,Petén,Flores,Zona 10,39083,+502 9770-8491
1956,Agencia Chiquimula 1956,Agencia,Chiquimula,Chiquimula,Zona 2,37153,+502 3790-1943
1957,Agencia Jutiapa 1957,Agencia,Jutiapa,Jutiapa,Zona 8,42879,+502 2994-2094
1958,Agencia Jalapa 1958,Agencia,Jalapa,Jalapa,Zona 6,52578,+502 3058-5270
1959,Agencia Huehuetenango 1959,Agencia,Huehuetenango,Huehuetenango,Zona 8,19464,+502 9754-4025
1960,Agencia Guatemala 1960,Agencia,Guatemala,Guatemala,Zona 1,22061,+502 6201-3466
1961,Agencia Antigua Guatemala 1961,Agencia,Sacatepéquez,Antigua Guatemala,Zona 9,66477,+502 4032-7629
1962,Agencia Escuintla 1962,Agencia,Escuintla,Escuintla,Zona 10,67964,+502 1584-7399
1963,Agencia Quetzaltenango 1963,Agencia,Quetzaltenango,Quetzaltenango,Zona 9,56174,+502 1350-6274
1964,Agencia Cobán 1964,Agencia,Alta Verapaz,Cobán,Zona 7,50184,+502 6141-5521
1965,Agencia Flores 1965,Agencia,Petén,Flores,Zona 6,20943,+502 6526-8267
1966,Agencia Chiquimula 1966,Agencia,Chiquimula,Chiquimula,Zona 4,88574,+502 5652-2509
1967,Agencia Jutiapa 1967,Agencia,Jutiapa,Jutiapa,Zona 8,51894,+502 2303-4167
1968,Agencia Jalapa 1968,Agencia,Jalapa,Jalapa,Zona 9,99815,+502 9944-6093
1969,Agencia Huehuetenango 1969,Agencia,Huehuetenango,Huehuetenango,Zona 10,69424,+502 1893-9517
1970,Agencia Guatemala 1970,Agencia,Guatemala,Guatemala,Zona 7,80886,+502 2706-6566
1971,Agencia Antigua Guatemala 1971,Agencia,Sacatepéquez,Antigua Guatemala,Zona 2,44518,+502 5962-1141
1972,Agencia Escuintla 1972,Agencia,Escuintla,Escuintla,Zona 8,30937,+502 5639-1434
1973,Agencia Quetzaltenango 1973,Agencia,Quetzaltenango,Quetzaltenango,Zona 7,37500,+502 2668-6257
1974,Agencia Cobán 1974,Agencia,Alta Verapaz,Cobán,Zona 2,75934,+502 2913-9318
1975,Agencia Flores 1975,Agencia,Petén,Flores,Zona 6,43087,+502 5880-5248
1976,Agencia Chiquimula 1976,Agencia,Chiquimula,Chiquimula,Zona 10,40825,+502 3489-3965
1977,Agencia Jutiapa 1977,Agencia,Jutiapa,Jutiapa,Zona 2,58535,+502 5294-7147
1978,Agencia Jalapa 1978,Agencia,Jalapa,Jalapa,Zona 1,42077,+502 5418-5574
1979,Agencia Huehuetenango 1979,Agencia,Huehuetenango,Huehuetenango,Zona 3,20003,+502 9923-2734
1980,Agencia Guatemala 1980,Agencia,Guatemala,Guatemala,Zona 6,42788,+502 3055-9690
1981,Agencia Antigua Guatemala 1981,Agencia,Sacatepéquez,Antigua Guatemala,Zona 2,57823,+502 7377-9060
1982,Agencia Escuintla 1982,Agencia,Escuintla,Escuintla,Zona 1,60947,+502 2819-5113
1983,Agencia Quetzaltenango 1983,Agencia,Quetzaltenango,Quetzaltenango,Zona 4,20452,+502 6196-1304
1984,Agencia Cobán 1984,Agencia,Alta Verapaz,Cobán,Zona 1,98763,+502 9620-9719
1985,Agencia Flores 1985,Agencia,Petén,Flores,Zona 1,55065,+502 4730-5965
1986,Agencia Chiquimula 1986,Agencia,Chiquimula,Chiquimula,Zona 1,59270,+502 2154-5437
1987,Agencia Jutiapa 1987,Agencia,Jutiapa,Jutiapa,Zona 3,34445,+502 1577-3146
1988,Agencia Jalapa 1988,Agencia,Jalapa,Jalapa,Zona 7,97567,+502 7301-2173
1989,Agencia Huehuetenango 1989,Agencia,Huehuetenango,Huehuetenango,Zona 5,84157,+502 5868-9639
1990,Agencia Guatemala 1990,Agencia,Guatemala,Guatemala,Zona 8,75065,+502 2956-2307
1991,Agencia Antigua Guatemala 1991,Agencia,Sacatepéquez,Antigua Guatemala,Zona 3,10584,+502 6017-6868
1992,Agencia Escuintla 1992,Agencia,Escuintla,Escuintla,Zona 1,99511,+502 1164-3415
1993,Agencia Quetzaltenango 1993,Agencia,Quetzaltenango,Quetzaltenango,Zona 4,30668,+502 3650-7456
1994,Agencia Cobán 1994,Agencia,Alta Verapaz,Cobán,Zona 4,48095,+502 8605-7629
1995,Agencia Flores 1995,Agencia,Petén,Flores,Zona 2,52189,+502 5588-7669
1996,Agencia Chiquimula 1996,Agencia,Chiquimula,Chiquimula,Zona 8,55223,+502 2545-4848
1997,Agencia Jutiapa 1997,Agencia,Jutiapa,Jutiapa,Zona 3,15752,+502 6468-4551
1998,Agencia Jalapa 1998,Agencia,Jalapa,Jalapa,Zona 3,97777,+502 9789-6627
1999,Agencia Huehuetenango 1999,Agencia,Huehuetenango,Huehuetenango,Zona 5,15669,+502 7248-6342
2000,Agencia Guatemala 2000,Agencia,Guatemala,Guatemala,Zona 4,59597,+502 2964-8626
2001,Agencia Antigua Guatemala 2001,Agencia,Sacatepéquez,Antigua Guatemala,Zona 10,59848,+502 1156-1841
2002,Agencia Escuintla 2002,Agencia,Escuintla,Escuintla,Zona 4,34073,+502 6639-8728
2003,Agencia Quetzaltenango 2003,Agencia,Quetzaltenango,Quetzaltenango,Zona 1,23935,+502 5912-6807
2004,Agencia Cobán 2004,Agencia,Alta Verapaz,Cobán,Zona 8,58174,+502 1808-5850
2005,Agencia Flores 2005,Agencia,Petén,Flores,Zona 8,26164,+502 3197-9134
2006,Agencia Chiquimula 2006,Agencia,Chiquimula,Chiquimula,Zona 6,19938,+502 7128-4642
2007,Agencia Jutiapa 2007,Agencia,Jutiapa,Jutiapa,Zona 10,30812,+502 8940-7919
2008,Agencia Jalapa 2008,Agencia,Jalapa,Jalapa,Zona 2,54217,+502 5880-6986
2009,Agencia Huehuetenango 2009,Agencia,Huehuetenango,Huehuetenango,Zona 1,64899,+502 5306-4504
2010,Agencia Guatemala 2010,Agencia,Guatemala,Guatemala,Zona 10,45386,+502 4323-4895
2011,Agencia Antigua Guatemala 2011,Agencia,Sacatepéquez,Antigua Guatemala,Zona 8,40519,+502 9248-1866
2012,Agencia Escuintla 2012,Agencia,Escuintla,Escuintla,Zona 4,21878,+502 5980-7987
2013,Agencia Quetzaltenango 2013,Agencia,Quetzaltenango,Quetzaltenango,Zona 9,76591,+502 9283-6676
2014,Agencia Cobán 2014,Agencia,Alta Verapaz,Cobán,Zona 6,25133,+502 5087-4232
2015,Agencia Flores 2015,Agencia,Petén,Flores,Zona 4,88308,+502 4896-1414
2016,Agencia Chiquimula 2016,Agencia,Chiquimula,Chiquimula,Zona 2,69005,+502 7562-3047
2017,Agencia Jutiapa 2017,Agencia,Jutiapa,Jutiapa,Zona 3,59530,+502 3298-3035
2018,Agencia Jalapa 2018,Agencia,Jalapa,Jalapa,Zona 3,92833,+502 5437-4430
2019,Agencia Huehuetenango 2019,Agencia,Huehuetenango,Huehuetenango,Zona 7,29242,+502 1515-7841
2020,Agencia Guatemala 2020,Agencia,Guatemala,Guatemala,Zona 2,71866,+502 3808-3418
2021,Agencia Antigua Guatemala 2021,Agencia,Sacatepéquez,Antigua Guatemala,Zona 2,56181,+502 1731-6669
2022,Agencia Escuintla 2022,Agencia,Escuintla,Escuintla,Zona 8,45106,+502 4855-4318
2023,Agencia Quetzaltenango 2023,Agencia,Quetzaltenango,Quetzaltenango,Zona 9,78539,+502 8113-8471
2024,Agencia Cobán 2024,Agencia,Alta Verapaz,Cobán,Zona 10,88787,+502 3885-3921
2025,Agencia Flores 2025,Agencia,Petén,Flores,Zona 7,96320,+502 6280-4500
2026,Agencia Chiquimula 2026,Agencia,Chiquimula,Chiquimula,Zona 10,72014,+502 4898-9530
2027,Agencia Jutiapa 2027,Agencia,Jutiapa,Jutiapa,Zona 4,29732,+502 3788-7672
2028,Agencia Jalapa 2028,Agencia,Jalapa,Jalapa,Zona 9,62465,+502 5368-8904
2029,Agencia Huehuetenango 2029,Agencia,Huehuetenango,Huehuetenango,Zona 6,97691,+502 5960-9858
2030,Agencia Guatemala 2030,Agencia,Guatemala,Guatemala,Zona 1,65732,+502 5376-2211
2031,Agencia Antigua Guatemala 2031,Agencia,Sacatepéquez,Antigua Guatemala,Zona 6,10107,+502 1199-6021
2032,Agencia Escuintla 2032,Agencia,Escuintla,Escuintla,Zona 5,16378,+502 7078-3646
2033,Agencia Quetzaltenango 2033,Agencia,Quetzaltenango,Quetzaltenango,Zona 9,55347,+502 5393-1436
2034,Agencia Cobán 2034,Agencia,Alta Verapaz,Cobán,Zona 7,59602,+502 1551-7039
2035,Agencia Flores 2035,Agencia,Petén,Flores,Zona 2,69031,+502 6697-8659
2036,Agencia Chiquimula 2036,Agencia,Chiquimula,Chiquimula,Zona 4,50691,+502 7308-8129
2037,Agencia Jutiapa 2037,Agencia,Jutiapa,Jutiapa,Zona 4,39216,+502 9358-2887
2038,Agencia Jalapa 2038,Agencia,Jalapa,Jalapa,Zona 4,41256,+502 7561-9394
2039,Agencia Huehuetenango 2039,Agencia,Huehuetenango,Huehuetenango,Zona 7,18940,+502 3056-2311
2040,Agencia Guatemala 2040,Agencia,Guatemala,Guatemala,Zona 10,57534,+502 4323-9161
2041,Agencia Antigua Guatemala 2041,Agencia,Sacatepéquez,Antigua Guatemala,Zona 10,20762,+502 5174-3104
2042,Agencia Escuintla 2042,Agencia,Escuintla,Escuintla,Zona 2,98764,+502 1284-2541
2043,Agencia Quetzaltenango 2043,Agencia,Quetzaltenango,Quetzaltenango,Zona 7,91864,+502 3054-9364
2044,Agencia Cobán 2044,Agencia,Alta Verapaz,Cobán,Zona 7,18397,+502 3048-2646
2045,Agencia Flores 2045,Agencia,Petén,Flores,Zona 3,58688,+502 5799-9124
2046,Agencia Chiquimula 2046,Agencia,Chiquimula,Chiquimula,Zona 10,38270,+502 3627-5345
2047,Agencia Jutiapa 2047,Agencia,Jutiapa,Jutiapa,Zona 1,28205,+502 4888-8308
2048,Agencia Jalapa 2048,Agencia,Jalapa,Jalapa,Zona 4,65668,+502 6655-1956
2049,Agencia Huehuetenango 2049,Agencia,Huehuetenango,Huehuetenango,Zona 4,15964,+502 6995-8333
2050,Agencia Guatemala 2050,Agencia,Guatemala,Guatemala,Zona 10,46483,+502 8727-2075
2051,Agencia Antigua Guatemala 2051,Agencia,Sacatepéquez,Antigua Guatemala,Zona 8,38296,+502 9120-9648
2052,Agencia Escuintla 2052,Agencia,Escuintla,Escuintla,Zona 6,98666,+502 3644-7563
2053,Agencia Quetzaltenango 2053,Agencia,Quetzaltenango,Quetzaltenango,Zona 9,15113,+502 2448-9201
2054,Agencia Cobán 2054,Agencia,Alta Verapaz,Cobán,Zona 6,77855,+502 8554-8462
2055,Agencia Flores 2055,Agencia,Petén,Flores,Zona 1,91290,+502 6599-4621
2056,Agencia Chiquimula 2056,Agencia,Chiquimula,Chiquimula,Zona 3,30823,+502 1993-9017
2057,Agencia Jutiapa 2057,Agencia,Jutiapa,Jutiapa,Zona 10,69917,+502 8808-2085
2058,Agencia Jalapa 2058,Agencia,Jalapa,Jalapa,Zona 4,46835,+502 8783-4162
2059,Agencia Huehuetenango 2059,Agencia,Huehuetenango,Huehuetenango,Zona 1,70599,+502 9593-3794
2060,Agencia Guatemala 2060,Agencia,Guatemala,Guatemala,Zona 10,37108,+502 9413-1007
2061,Agencia Antigua Guatemala 2061,Agencia,Sacatepéquez,Antigua Guatemala,Zona 7,83149,+502 4672-5805
2062,Agencia Escuintla 2062,Agencia,Escuintla,Escuintla,Zona 3,54530,+502 4787-2549
2063,Agencia Quetzaltenango 2063,Agencia,Quetzaltenango,Quetzaltenango,Zona 10,50612,+502 1207-4667
2064,Agencia Cobán 2064,Agencia,Alta Verapaz,Cobán,Zona 4,24909,+502 1025-9328
2065,Agencia Flores 2065,Agencia,Petén,Flores,Zona 10,22443,+502 5543-3804
2066,Agencia Chiquimula 2066,Agencia,Chiquimula,Chiquimula,Zona 3,70280,+502 2870-8405
2067,Agencia Jutiapa 2067,Agencia,Jutiapa,Jutiapa,Zona 2,44724,+502 7611-9811
2068,Agencia Jalapa 2068,Agencia,Jalapa,Jalapa,Zona 10,67320,+502 7251-6514
2069,Agencia Huehuetenango 2069,Agencia,Huehuetenango,Huehuetenango,Zona 9,94366,+502 7176-9642
2070,Agencia Guatemala 2070,Agencia,Guatemala,Guatemala,Zona 7,82439,+502 5770-7873
2071,Agencia Antigua Guatemala 2071,Agencia,Sacatepéquez,Antigua Guatemala,Zona 2,68765,+502 8367-9485
2072,Agencia Escuintla 2072,Agencia,Escuintla,Escuintla,Zona 3,78970,+502 3404-2472
2073,Agencia Quetzaltenango 2073,Agencia,Quetzaltenango,Quetzaltenango,Zona 9,85157,+502 4580-6074
2074,Agencia Cobán 2074,Agencia,Alta Verapaz,Cobán,Zona 1,85147,+502 8956-2145
2075,Agencia Flores 2075,Agencia,Petén,Flores,Zona 5,79179,+502 4641-1265
2076,Agencia Chiquimula 2076,Agencia,Chiquimula,Chiquimula,Zona 7,29552,+502 3968-3332
2077,Agencia Jutiapa 2077,Agencia,Jutiapa,Jutiapa,Zona 7,25325,+502 5590-4554
2078,Agencia Jalapa 2078,Agencia,Jalapa,Jalapa,Zona 2,59857,+502 7682-2763
2079,Agencia Huehuetenango 2079,Agencia,Huehuetenango,Huehuetenango,Zona 6,15948,+502 2476-1285
2080,Agencia Guatemala 2080,Agencia,Guatemala,Guatemala,Zona 7,13266,+502 2782-7904
2081,Agencia Antigua Guatemala 2081,Agencia,Sacatepéquez,Antigua Guatemala,Zona 9,22051,+502 6125-8515
2082,Agencia Escuintla 2082,Agencia,Escuintla,Escuintla,Zona 9,42407,+502 8201-6368
2083,Agencia Quetzaltenango 2083,Agencia,Quetzaltenango,Quetzaltenango,Zona 5,46495,+502 2554-2728
2084,Agencia Cobán 2084,Agencia,Alta Verapaz,Cobán,Zona 9,79126,+502 3585-2380
2085,Agencia Flores 2085,Agencia,Petén,Flores,Zona 6,12468,+502 6384-3751
2086,Agencia Chiquimula 2086,Agencia,Chiquimula,Chiquimula,Zona 1,64578,+502 8330-1343
2087,Agencia Jutiapa 2087,Agencia,Jutiapa,Jutiapa,Zona 5,25101,+502 5404-1903
2088,Agencia Jalapa 2088,Agencia,Jalapa,Jalapa,Zona 2,78997,+502 4047-9645
2089,Agencia Huehuetenango 2089,Agencia,Huehuetenango,Huehuetenango,Zona 1,87719,+502 1292-3488
2090,Agencia Guatemala 2090,Agencia,Guatemala,Guatemala,Zona 10,79758,+502 7693-4239
2091,Agencia Antigua Guatemala 2091,Agencia,Sacatepéquez,Antigua Guatemala,Zona 10,40382,+502 2864-4358
2092,Agencia Escuintla 2092,Agencia,Escuintla,Escuintla,Zona 5,66262,+502 7893-3925
2093,Agencia Quetzaltenango 2093,Agencia,Quetzaltenango,Quetzaltenango,Zona 2,89367,+502 9601-4128
2094,Agencia Cobán 2094,Agencia,Alta Verapaz,Cobán,Zona 2,52985,+502 1166-2866
2095,Agencia Flores 2095,Agencia,Petén,Flores,Zona 10,48472,+502 8227-8879
2096,Agencia Chiquimula 2096,Agencia,Chiquimula,Chiquimula,Zona 1,41367,+502 4285-3157
2097,Agencia Jutiapa 2097,Agencia,Jutiapa,Jutiapa,Zona 1,74690,+502 4995-9521
2098,Agencia Jalapa 2098,Agencia,Jalapa,Jalapa,Zona 1,33220,+502 3152-3071
2099,Agencia Huehuetenango 2099,Agencia,Huehuetenango,Huehuetenango,Zona 6,86751,+502 3470-9432
2100,Agencia Guatemala 2100,Agencia,Guatemala,Guatemala,Zona 10,77748,+502 8942-5910
2101,Agencia Antigua Guatemala 2101,Agencia,Sacatepéquez,Antigua Guatemala,Zona 10,57777,+502 6441-7624
2102,Agencia Escuintla 2102,Agencia,Escuintla,Escuintla,Zona 4,81851,+502 3939-9078
2103,Agencia Quetzaltenango 2103,Agencia,Quetzaltenango,Quetzaltenango,Zona 4,52661,+502 3823-1862
2104,Agencia Cobán 2104,Agencia,Alta Verapaz,Cobán,Zona 4,59681,+502 3927-4815
2105,Agencia Flores 2105,Agencia,Petén,Flores,Zona 9,86717,+502 5381-3330
2106,Agencia Chiquimula 2106,Agencia,Chiquimula,Chiquimula,Zona 7,43566,+502 9324-4370
2107,Agencia Jutiapa 2107,Agencia,Jutiapa,Jutiapa,Zona 4,88273,+502 3289-9319
2108,Agencia Jalapa 2108,Agencia,Jalapa,Jalapa,Zona 3,13539,+502 6117-9726
2109,Agencia Huehuetenango 2109,Agencia,Huehuetenango,Huehuetenango,Zona 6,68583,+502 3924-8501
2110,Agencia Guatemala 2110,Agencia,Guatemala,Guatemala,Zona 4,93277,+502 1903-1789
2111,Agencia Antigua Guatemala 2111,Agencia,Sacatepéquez,Antigua Guatemala,Zona 9,98363,+502 6951-9492
2112,Agencia Escuintla 2112,Agencia,Escuintla,Escuintla,Zona 6,53148,+502 5524-1065
2113,Agencia Quetzaltenango 2113,Agencia,Quetzaltenango,Quetzaltenango,Zona 6,12425,+502 6130-7034
2114,Agencia Cobán 2114,Agencia,Alta Verapaz,Cobán,Zona 7,64817,+502 5649-5316
2115,Agencia Flores 2115,Agencia,Petén,Flores,Zona 4,26629,+502 1363-3173
2116,Agencia Chiquimula 2116,Agencia,Chiquimula,Chiquimula,Zona 5,34119,+502 1837-3806
2117,Agencia Jutiapa 2117,Agencia,Jutiapa,Jutiapa,Zona 10,32169,+502 5859-5740
2118,Agencia Jalapa 2118,Agencia,Jalapa,Jalapa,Zona 2,14189,+502 8241-8781
2119,Agencia Huehuetenango 2119,Agencia,Huehuetenango,Huehuetenango,Zona 8,75325,+502 9611-3975
2120,Agencia Guatemala 2120,Agencia,Guatemala,Guatemala,Zona 8,61153,+502 8001-3072
2121,Agencia Antigua Guatemala 2121,Agencia,Sacatepéquez,Antigua Guatemala,Zona 6,84339,+502 4703-7140
2122,Agencia Escuintla 2122,Agencia,Escuintla,Escuintla,Zona 6,13738,+502 3633-7586
2123,Agencia Quetzaltenango 2123,Agencia,Quetzaltenango,Quetzaltenango,Zona 4,93429,+502 5375-1915
2124,Agencia Cobán 2124,Agencia,Alta Verapaz,Cobán,Zona 9,48618,+502 2972-1615
2125,Agencia Flores 2125,Agencia,Petén,Flores,Zona 2,15425,+502 7968-3912
2126,Agencia Chiquimula 2126,Agencia,Chiquimula,Chiquimula,Zona 2,97991,+502 7972-8859
2127,Agencia Jutiapa 2127,Agencia,Jutiapa,Jutiapa,Zona 7,79699,+502 8243-6762
2128,Agencia Jalapa 2128,Agencia,Jalapa,Jalapa,Zona 5,26112,+502 5356-1299
2129,Agencia Huehuetenango 2129,Agencia,Huehuetenango,Huehuetenango,Zona 7,54250,+502 4990-3759
2130,Agencia Guatemala 2130,Agencia,Guatemala,Guatemala,Zona 2,36223,+502 4720-3211
2131,Agencia Antigua Guatemala 2131,Agencia,Sacatepéquez,Antigua Guatemala,Zona 10,89181,+502 1183-3902
2132,Agencia Escuintla 2132,Agencia,Escuintla,Escuintla,Zona 9,96241,+502 2848-7902
2133,Agencia Quetzaltenango 2133,Agencia,Quetzaltenango,Quetzaltenango,Zona 5,51688,+502 8016-1002
2134,Agencia Cobán 2134,Agencia,Alta Verapaz,Cobán,Zona 4,54770,+502 9736-2930
2135,Agencia Flores 2135,Agencia,Petén,Flores,Zona 7,78436,+502 5578-1572
2136,Agencia Chiquimula 2136,Agencia,Chiquimula,Chiquimula,Zona 5,72728,+502 2301-3551
2137,Agencia Jutiapa 2137,Agencia,Jutiapa,Jutiapa,Zona 6,73546,+502 5069-9551
2138,Agencia Jalapa 2138,Agencia,Jalapa,Jalapa,Zona 9,50577,+502 8474-1755
2139,Agencia Huehuetenango 2139,Agencia,Huehuetenango,Huehuetenango,Zona 10,84539,+502 3776-9033
2140,Agencia Guatemala 2140,Agencia,Guatemala,Guatemala,Zona 1,98331,+502 8362-1474
2141,Agencia Antigua Guatemala 2141,Agencia,Sacatepéquez,Antigua Guatemala,Zona 8,25664,+502 8899-1227
2142,Agencia Escuintla 2142,Agencia,Escuintla,Escuintla,Zona 4,42065,+502 9446-3808
2143,Agencia Quetzaltenango 2143,Agencia,Quetzaltenango,Quetzaltenango,Zona 3,64385,+502 1417-1449
2144,Agencia Cobán 2144,Agencia,Alta Verapaz,Cobán,Zona 1,25920,+502 7755-4626
2145,Agencia Flores 2145,Agencia,Petén,Flores,Zona 5,73154,+502 3200-9229
2146,Agencia Chiquimula 2146,Agencia,Chiquimula,Chiquimula,Zona 2,54241,+502 4477-4983
2147,Agencia Jutiapa 2147,Agencia,Jutiapa,Jutiapa,Zona 10,35350,+502 6712-7992
2148,Agencia Jalapa 2148,Agencia,Jalapa,Jalapa,Zona 6,14635,+502 4299-3594
2149,Agencia Huehuetenango 2149,Agencia,Huehuetenango,Huehuetenango,Zona 8,11258,+502 4033-5499
2150,Agencia Guatemala 2150,Agencia,Guatemala,Guatemala,Zona 5,43770,+502 3109-7695
2151,Agencia Antigua Guatemala 2151,Agencia,Sacatepéquez,Antigua Guatemala,Zona 8,63240,+502 6846-9146
2152,Agencia Escuintla 2152,Agencia,Escuintla,Escuintla,Zona 8,35028,+502 8603-4407
2153,Agencia Quetzaltenango 2153,Agencia,Quetzaltenango,Quetzaltenango,Zona 7,95328,+502 7784-5384
2154,Agencia Cobán 2154,Agencia,Alta Verapaz,Cobán,Zona 2,76726,+502 6515-1145
2155,Agencia Flores 2155,Agencia,Petén,Flores,Zona 9,11304,+502 1896-6768
2156,Agencia Chiquimula 2156,Agencia,Chiquimula,Chiquimula,Zona 8,85280,+502 4484-4385
2157,Agencia Jutiapa 2157,Agencia,Jutiapa,Jutiapa,Zona 10,47140,+502 5696-5164
2158,Agencia Jalapa 2158,Agencia,Jalapa,Jalapa,Zona 10,25359,+502 3792-3139
2159,Agencia Huehuetenango 2159,Agencia,Huehuetenango,Huehuetenango,Zona 5,89347,+502 5577-8214
2160,Agencia Guatemala 2160,Agencia,Guatemala,Guatemala,Zona 7,66414,+502 7502-3661
2161,Agencia Antigua Guatemala 2161,Agencia,Sacatepéquez,Antigua Guatemala,Zona 3,95868,+502 4686-3267
2162,Agencia Escuintla 2162,Agencia,Escuintla,Escuintla,Zona 3,14685,+502 5523-1435
2163,Agencia Quetzaltenango 2163,Agencia,Quetzaltenango,Quetzaltenango,Zona 6,73740,+502 3306-4814
2164,Agencia Cobán 2164,Agencia,Alta Verapaz,Cobán,Zona 1,76290,+502 3688-2960
2165,Agencia Flores 2165,Agencia,Petén,Flores,Zona 1,89163,+502 7602-6214
2166,Agencia Chiquimula 2166,Agencia,Chiquimula,Chiquimula,Zona 8,22370,+502 3472-2917
2167,Agencia Jutiapa 2167,Agencia,Jutiapa,Jutiapa,Zona 2,45646,+502 6452-8056
2168,Agencia Jalapa 2168,Agencia,Jalapa,Jalapa,Zona 8,68214,+502 9899-1086
2169,Agencia Huehuetenango 2169,Agencia,Huehuetenango,Huehuetenango,Zona 10,92521,+502 9120-6616
2170,Agencia Guatemala 2170,Agencia,Guatemala,Guatemala,Zona 1,82932,+502 3994-7364
2171,Agencia Antigua Guatemala 2171,Agencia,Sacatepéquez,Antigua Guatemala,Zona 9,17802,+502 8097-4796
2172,Agencia Escuintla 2172,Agencia,Escuintla,Escuintla,Zona 4,50803,+502 6708-5847
2173,Agencia Quetzaltenango 2173,Agencia,Quetzaltenango,Quetzaltenango,Zona 7,26281,+502 1159-4310
2174,Agencia Cobán 2174,Agencia,Alta Verapaz,Cobán,Zona 9,17682,+502 2547-3825
2175,Agencia Flores 2175,Agencia,Petén,Flores,Zona 7,97776,+502 3393-9914
2176,Agencia Chiquimula 2176,Agencia,Chiquimula,Chiquimula,Zona 7,21317,+502 7859-2091
2177,Agencia Jutiapa 2177,Agencia,Jutiapa,Jutiapa,Zona 3,14601,+502 1640-6878
2178,Agencia Jalapa 2178,Agencia,Jalapa,Jalapa,Zona 9,87643,+502 3080-7622
2179,Agencia Huehuetenango 2179,Agencia,Huehuetenango,Huehuetenango,Zona 1,30871,+502 7550-8197
2180,Agencia Guatemala 2180,Agencia,Guatemala,Guatemala,Zona 6,19196,+502 2215-9876
2181,Agencia Antigua Guatemala 2181,Agencia,Sacatepéquez,Antigua Guatemala,Zona 10,91087,+502 7122-4947
2182,Agencia Escuintla 2182,Agencia,Escuintla,Escuintla,Zona 10,22984,+502 8541-1937
2183,Agencia Quetzaltenango 2183,Agencia,Quetzaltenango,Quetzaltenango,Zona 3,89233,+502 9899-9147
2184,Agencia Cobán 2184,Agencia,Alta Verapaz,Cobán,Zona 5,33389,+502 2042-3390
2185,Agencia Flores 2185,Agencia,Petén,Flores,Zona 5,60349,+502 5571-8690
2186,Agencia Chiquimula 2186,Agencia,Chiquimula,Chiquimula,Zona 8,95300,+502 8244-8968
2187,Agencia Jutiapa 2187,Agencia,Jutiapa,Jutiapa,Zona 9,25151,+502 8262-1450
2188,Agencia Jalapa 2188,Agencia,Jalapa,Jalapa,Zona 7,75994,+502 6234-4062
2189,Agencia Huehuetenango 2189,Agencia,Huehuetenango,Huehuetenango,Zona 2,11254,+502 2923-9561
2190,Agencia Guatemala 2190,Agencia,Guatemala,Guatemala,Zona 7,93610,+502 3041-7511
2191,Agencia Antigua Guatemala 2191,Agencia,Sacatepéquez,Antigua Guatemala,Zona 10,13735,+502 6686-7078
2192,Agencia Escuintla 2192,Agencia,Escuintla,Escuintla,Zona 7,52420,+502 4701-9883
2193,Agencia Quetzaltenango 2193,Agencia,Quetzaltenango,Quetzaltenango,Zona 4,60032,+502 6149-5939
2194,Agencia Cobán 2194,Agencia,Alta Verapaz,Cobán,Zona 7,65430,+502 4857-7865
2195,Agencia Flores 2195,Agencia,Petén,Flores,Zona 8,89602,+502 3428-8555
2196,Agencia Chiquimula 2196,Agencia,Chiquimula,Chiquimula,Zona 1,24418,+502 5864-3853
2197,Agencia Jutiapa 2197,Agencia,Jutiapa,Jutiapa,Zona 9,43366,+502 1867-9218
2198,Agencia Jalapa 2198,Agencia,Jalapa,Jalapa,Zona 3,10152,+502 1404-2619
2199,Agencia Huehuetenango 2199,Agencia,Huehuetenango,Huehuetenango,Zona 10,72045,+502 1534-3894
2200,Agencia Guatemala 2200,Agencia,Guatemala,Guatemala,Zona 6,17811,+502 4038-8258
2201,Agencia Antigua Guatemala 2201,Agencia,Sacatepéquez,Antigua Guatemala,Zona 4,30026,+502 3258-5906
2202,Agencia Escuintla 2202,Agencia,Escuintla,Escuintla,Zona 9,93355,+502 7397-9601
2203,Agencia Quetzaltenango 2203,Agencia,Quetzaltenango,Quetzaltenango,Zona 6,42102,+502 4362-6273
2204,Agencia Cobán 2204,Agencia,Alta Verapaz,Cobán,Zona 1,50342,+502 7918-4519
2205,Agencia Flores 2205,Agencia,Petén,Flores,Zona 6,97239,+502 2580-4549
2206,Agencia Chiquimula 2206,Agencia,Chiquimula,Chiquimula,Zona 10,91500,+502 9610-3738
2207,Agencia Jutiapa 2207,Agencia,Jutiapa,Jutiapa,Zona 1,38054,+502 2746-4592
2208,Agencia Jalapa 2208,Agencia,Jalapa,Jalapa,Zona 3,35248,+502 3419-3055
2209,Agencia Huehuetenango 2209,Agencia,Huehuetenango,Huehuetenango,Zona 7,55089,+502 6682-3279
2210,Agencia Guatemala 2210,Agencia,Guatemala,Guatemala,Zona 1,44493,+502 4071-6422
2211,Agencia Antigua Guatemala 2211,Agencia,Sacatepéquez,Antigua Guatemala,Zona 2,27346,+502 6402-3846
2212,Agencia Escuintla 2212,Agencia,Escuintla,Escuintla,Zona 2,47495,+502 6361-4174
2213,Agencia Quetzaltenango 2213,Agencia,Quetzaltenango,Quetzaltenango,Zona 3,85613,+502 9939-6392
2214,Agencia Cobán 2214,Agencia,Alta Verapaz,Cobán,Zona 3,31029,+502 9293-8459
2215,Agencia Flores 2215,Agencia,Petén,Flores,Zona 6,68284,+502 3020-4528
2216,Agencia Chiquimula 2216,Agencia,Chiquimula,Chiquimula,Zona 3,35015,+502 6816-9744
2217,Agencia Jutiapa 2217,Agencia,Jutiapa,Jutiapa,Zona 9,36484,+502 1731-1971
2218,Agencia Jalapa 2218,Agencia,Jalapa,Jalapa,Zona 4,14254,+502 9692-8219
2219,Agencia Huehuetenango 2219,Agencia,Huehuetenango,Huehuetenango,Zona 10,33373,+502 6470-7926
2220,Agencia Guatemala 2220,Agencia,Guatemala,Guatemala,Zona 9,72654,+502 2553-5393
2221,Agencia Antigua Guatemala 2221,Agencia,Sacatepéquez,Antigua Guatemala,Zona 1,84800,+502 4405-6077
2222,Agencia Escuintla 2222,Agencia,Escuintla,Escuintla,Zona 4,53298,+502 7006-7258
2223,Agencia Quetzaltenango 2223,Agencia,Quetzaltenango,Quetzaltenango,Zona 10,64094,+502 2422-2740
2224,Agencia Cobán 2224,Agencia,Alta Verapaz,Cobán,Zona 4,43295,+502 1935-2220
2225,Agencia Flores 2225,Agencia,Petén,Flores,Zona 2,57391,+502 6857-7006
2226,Agencia Chiquimula 2226,Agencia,Chiquimula,Chiquimula,Zona 10,15226,+502 3933-9768
2227,Agencia Jutiapa 2227,Agencia,Jutiapa,Jutiapa,Zona 7,53575,+502 8751-2093
2228,Agencia Jalapa 2228,Agencia,Jalapa,Jalapa,Zona 10,86837,+502 8122-1034
2229,Agencia Huehuetenango 2229,Agencia,Huehuetenango,Huehuetenango,Zona 4,25139,+502 8616-5256
2230,Agencia Guatemala 2230,Agencia,Guatemala,Guatemala,Zona 4,69434,+502 4385-3904
2231,Agencia Antigua Guatemala 2231,Agencia,Sacatepéquez,Antigua Guatemala,Zona 2,10440,+502 2597-4017
2232,Agencia Escuintla 2232,Agencia,Escuintla,Escuintla,Zona 7,98880,+502 7621-6962
2233,Agencia Quetzaltenango 2233,Agencia,Quetzaltenango,Quetzaltenango,Zona 8,41046,+502 1632-5984
2234,Agencia Cobán 2234,Agencia,Alta Verapaz,Cobán,Zona 3,18214,+502 6071-4671
2235,Agencia Flores 2235,Agencia,Petén,Flores,Zona 4,65879,+502 3558-3955
2236,Agencia Chiquimula 2236,Agencia,Chiquimula,Chiquimula,Zona 4,29261,+502 9619-2155
2237,Agencia Jutiapa 2237,Agencia,Jutiapa,Jutiapa,Zona 10,81166,+502 8102-6799
2238,Agencia Jalapa 2238,Agencia,Jalapa,Jalapa,Zona 4,89051,+502 1167-3544
2239,Agencia Huehuetenango 2239,Agencia,Huehuetenango,Huehuetenango,Zona 10,14949,+502 7059-5221
2240,Agencia Guatemala 2240,Agencia,Guatemala,Guatemala,Zona 6,71094,+502 1743-2158
2241,Agencia Antigua Guatemala 2241,Agencia,Sacatepéquez,Antigua Guatemala,Zona 1,92253,+502 8416-1926
2242,Agencia Escuintla 2242,Agencia,Escuintla,Escuintla,Zona 10,52408,+502 8076-1495
2243,Agencia Quetzaltenango 2243,Agencia,Quetzaltenango,Quetzaltenango,Zona 8,67553,+502 4853-1874
2244,Agencia Cobán 2244,Agencia,Alta Verapaz,Cobán,Zona 1,64348,+502 5304-6432
2245,Agencia Flores 2245,Agencia,Petén,Flores,Zona 7,27003,+502 7171-7086
2246,Agencia Chiquimula 2246,Agencia,Chiquimula,Chiquimula,Zona 8,81442,+502 4341-7443
2247,Agencia Jutiapa 2247,Agencia,Jutiapa,Jutiapa,Zona 2,85946,+502 1445-1592
2248,Agencia Jalapa 2248,Agencia,Jalapa,Jalapa,Zona 3,44472,+502 6028-3841
2249,Agencia Huehuetenango 2249,Agencia,Huehuetenango,Huehuetenango,Zona 5,21911,+502 2608-4667
2250,Agencia Guatemala 2250,Agencia,Guatemala,Guatemala,Zona 8,80721,+502 6942-1119
2251,Agencia Antigua Guatemala 2251,Agencia,Sacatepéquez,Antigua Guatemala,Zona 1,85000,+502 5358-6692
2252,Agencia Escuintla 2252,Agencia,Escuintla,Escuintla,Zona 6,88340,+502 7869-1455
2253,Agencia Quetzaltenango 2253,Agencia,Quetzaltenango,Quetzaltenango,Zona 3,45028,+502 4863-9327
2254,Agencia Cobán 2254,Agencia,Alta Verapaz,Cobán,Zona 4,40950,+502 4050-9102
2255,Agencia Flores 2255,Agencia,Petén,Flores,Zona 7,15088,+502 2671-7743
2256,Agencia Chiquimula 2256,Agencia,Chiquimula,Chiquimula,Zona 2,41078,+502 7276-9982
2257,Agencia Jutiapa 2257,Agencia,Jutiapa,Jutiapa,Zona 8,26338,+502 1642-7670
2258,Agencia Jalapa 2258,Agencia,Jalapa,Jalapa,Zona 7,98172,+502 2435-8503
2259,Agencia Huehuetenango 2259,Agencia,Huehuetenango,Huehuetenango,Zona 10,40790,+502 1648-9090
2260,Agencia Guatemala 2260,Agencia,Guatemala,Guatemala,Zona 5,38043,+502 2134-4629
2261,Agencia Antigua Guatemala 2261,Agencia,Sacatepéquez,Antigua Guatemala,Zona 8,41414,+502 5138-1260
2262,Agencia Escuintla 2262,Agencia,Escuintla,Escuintla,Zona 3,65850,+502 8185-3866
2263,Agencia Quetzaltenango 2263,Agencia,Quetzaltenango,Quetzaltenango,Zona 3,49766,+502 3685-1329
2264,Agencia Cobán 2264,Agencia,Alta Verapaz,Cobán,Zona 5,40705,+502 9068-8680
2265,Agencia Flores 2265,Agencia,Petén,Flores,Zona 2,41333,+502 1401-8318
2266,Agencia Chiquimula 2266,Agencia,Chiquimula,Chiquimula,Zona 8,13681,+502 9306-9553
2267,Agencia Jutiapa 2267,Agencia,Jutiapa,Jutiapa,Zona 7,43644,+502 3996-9309
2268,Agencia Jalapa 2268,Agencia,Jalapa,Jalapa,Zona 10,97651,+502 6927-7203
2269,Agencia Huehuetenango 2269,Agencia,Huehuetenango,Huehuetenango,Zona 4,31619,+502 1043-5259
2270,Agencia Guatemala 2270,Agencia,Guatemala,Guatemala,Zona 5,17467,+502 4018-5250
2271,Agencia Antigua Guatemala 2271,Agencia,Sacatepéquez,Antigua Guatemala,Zona 9,36028,+502 9217-5011
2272,Agencia Escuintla 2272,Agencia,Escuintla,Escuintla,Zona 2,13136,+502 7096-4931
2273,Agencia Quetzaltenango 2273,Agencia,Quetzaltenango,Quetzaltenango,Zona 10,29367,+502 1154-7553
2274,Agencia Cobán 2274,Agencia,Alta Verapaz,Cobán,Zona 2,98330,+502 4166-1870
2275,Agencia Flores 2275,Agencia,Petén,Flores,Zona 8,16245,+502 5514-9452
2276,Agencia Chiquimula 2276,Agencia,Chiquimula,Chiquimula,Zona 10,51359,+502 5530-1188
2277,Agencia Jutiapa 2277,Agencia,Jutiapa,Jutiapa,Zona 5,25393,+502 1335-7791
2278,Agencia Jalapa 2278,Agencia,Jalapa,Jalapa,Zona 3,48602,+502 1514-4058
2279,Agencia Huehuetenango 2279,Agencia,Huehuetenango,Huehuetenango,Zona 8,88519,+502 6765-5313
2280,Agencia Guatemala 2280,Agencia,Guatemala,Guatemala,Zona 10,49878,+502 7973-6783
2281,Agencia Antigua Guatemala 2281,Agencia,Sacatepéquez,Antigua Guatemala,Zona 10,46945,+502 3907-5480
2282,Agencia Escuintla 2282,Agencia,Escuintla,Escuintla,Zona 9,14853,+502 8420-5344
2283,Agencia Quetzaltenango 2283,Agencia,Quetzaltenango,Quetzaltenango,Zona 9,50464,+502 8849-9345
2284,Agencia Cobán 2284,Agencia,Alta Verapaz,Cobán,Zona 4,22212,+502 5415-3283
2285,Agencia Flores 2285,Agencia,Petén,Flores,Zona 1,37182,+502 2846-4061
2286,Agencia Chiquimula 2286,Agencia,Chiquimula,Chiquimula,Zona 4,93614,+502 3590-2146
2287,Agencia Jutiapa 2287,Agencia,Jutiapa,Jutiapa,Zona 6,24502,+502 3428-8322
2288,Agencia Jalapa 2288,Agencia,Jalapa,Jalapa,Zona 8,23653,+502 7034-4484
2289,Agencia Huehuetenango 2289,Agencia,Huehuetenango,Huehuetenango,Zona 4,43403,+502 7580-2308
2290,Agencia Guatemala 2290,Agencia,Guatemala,Guatemala,Zona 10,82056,+502 8695-2799
2291,Agencia Antigua Guatemala 2291,Agencia,Sacatepéquez,Antigua Guatemala,Zona 1,97813,+502 9355-1595
2292,Agencia Escuintla 2292,Agencia,Escuintla,Escuintla,Zona 2,61337,+502 9598-3102
2293,Agencia Quetzaltenango 2293,Agencia,Quetzaltenango,Quetzaltenango,Zona 2,78237,+502 6578-8111
2294,Agencia Cobán 2294,Agencia,Alta Verapaz,Cobán,Zona 3,90436,+502 5357-7623
2295,Agencia Flores 2295,Agencia,Petén,Flores,Zona 9,17976,+502 7992-6916
2296,Agencia Chiquimula 2296,Agencia,Chiquimula,Chiquimula,Zona 9,90980,+502 4486-7024
2297,Agencia Jutiapa 2297,Agencia,Jutiapa,Jutiapa,Zona 7,60586,+502 4683-5908
2298,Agencia Jalapa 2298,Agencia,Jalapa,Jalapa,Zona 1,19808,+502 5885-7506
2299,Agencia Huehuetenango 2299,Agencia,Huehuetenango,Huehuetenango,Zona 9,36444,+502 5070-9685
2300,Agencia Guatemala 2300,Agencia,Guatemala,Guatemala,Zona 5,84803,+502 6011-5392
2301,Agencia Antigua Guatemala 2301,Agencia,Sacatepéquez,Antigua Guatemala,Zona 10,40773,+502 1158-3148
2302,Agencia Escuintla 2302,Agencia,Escuintla,Escuintla,Zona 7,48761,+502 8373-9842
2303,Agencia Quetzaltenango 2303,Agencia,Quetzaltenango,Quetzaltenango,Zona 10,71614,+502 4257-7180
2304,Agencia Cobán 2304,Agencia,Alta Verapaz,Cobán,Zona 10,27927,+502 1309-4855
2305,Agencia Flores 2305,Agencia,Petén,Flores,Zona 8,37796,+502 3741-4430
2306,Agencia Chiquimula 2306,Agencia,Chiquimula,Chiquimula,Zona 8,60960,+502 7542-6469
2307,Agencia Jutiapa 2307,Agencia,Jutiapa,Jutiapa,Zona 9,95582,+502 7632-5217
2308,Agencia Jalapa 2308,Agencia,Jalapa,Jalapa,Zona 6,86441,+502 8503-9711
2309,Agencia Huehuetenango 2309,Agencia,Huehuetenango,Huehuetenango,Zona 2,29511,+502 8296-9332
2310,Agencia Guatemala 2310,Agencia,Guatemala,Guatemala,Zona 1,76540,+502 1527-9882
2311,Agencia Antigua Guatemala 2311,Agencia,Sacatepéquez,Antigua Guatemala,Zona 4,91697,+502 1632-5342
2312,Agencia Escuintla 2312,Agencia,Escuintla,Escuintla,Zona 8,89109,+502 3687-1041
2313,Agencia Quetzaltenango 2313,Agencia,Quetzaltenango,Quetzaltenango,Zona 3,16766,+502 3224-5620
2314,Agencia Cobán 2314,Agencia,Alta Verapaz,Cobán,Zona 3,77173,+502 8888-3416
2315,Agencia Flores 2315,Agencia,Petén,Flores,Zona 8,20861,+502 1078-5160
2316,Agencia Chiquimula 2316,Agencia,Chiquimula,Chiquimula,Zona 2,94796,+502 8239-4803
2317,Agencia Jutiapa 2317,Agencia,Jutiapa,Jutiapa,Zona 3,97748,+502 4124-5975
2318,Agencia Jalapa 2318,Agencia,Jalapa,Jalapa,Zona 3,82760,+502 8695-9195
2319,Agencia Huehuetenango 2319,Agencia,Huehuetenango,Huehuetenango,Zona 1,47184,+502 2810-2334
2320,Agencia Guatemala 2320,Agencia,Guatemala,Guatemala,Zona 6,31497,+502 9451-3628
2321,Agencia Antigua Guatemala 2321,Agencia,Sacatepéquez,Antigua Guatemala,Zona 8,95117,+502 7155-7292
2322,Agencia Escuintla 2322,Agencia,Escuintla,Escuintla,Zona 3,84669,+502 2320-5721
2323,Agencia Quetzaltenango 2323,Agencia,Quetzaltenango,Quetzaltenango,Zona 9,46434,+502 2153-7576
2324,Agencia Cobán 2324,Agencia,Alta Verapaz,Cobán,Zona 10,76394,+502 9320-9057
2325,Agencia Flores 2325,Agencia,Petén,Flores,Zona 10,76102,+502 6078-9843
2326,Agencia Chiquimula 2326,Agencia,Chiquimula,Chiquimula,Zona 9,21468,+502 7916-1440
2327,Agencia Jutiapa 2327,Agencia,Jutiapa,Jutiapa,Zona 2,14182,+502 7308-9500
2328,Agencia Jalapa 2328,Agencia,Jalapa,Jalapa,Zona 6,98870,+502 4254-7803
2329,Agencia Huehuetenango 2329,Agencia,Huehuetenango,Huehuetenango,Zona 9,76094,+502 6601-2402
2330,Agencia Guatemala 2330,Agencia,Guatemala,Guatemala,Zona 6,53012,+502 2508-6630
2331,Agencia Antigua Guatemala 2331,Agencia,Sacatepéquez,Antigua Guatemala,Zona 9,86391,+502 8947-2162
2332,Agencia Escuintla 2332,Agencia,Escuintla,Escuintla,Zona 4,36503,+502 2859-3053
2333,Agencia Quetzaltenango 2333,Agencia,Quetzaltenango,Quetzaltenango,Zona 1,43024,+502 3711-8161
2334,Agencia Cobán 2334,Agencia,Alta Verapaz,Cobán,Zona 5,15847,+502 4112-5980
2335,Agencia Flores 2335,Agencia,Petén,Flores,Zona 5,56205,+502 5573-4692
2336,Agencia Chiquimula 2336,Agencia,Chiquimula,Chiquimula,Zona 4,20019,+502 6008-2044
2337,Agencia Jutiapa 2337,Agencia,Jutiapa,Jutiapa,Zona 8,93890,+502 2094-7034
2338,Agencia Jalapa 2338,Agencia,Jalapa,Jalapa,Zona 6,78647,+502 3599-2252
2339,Agencia Huehuetenango 2339,Agencia,Huehuetenango,Huehuetenango,Zona 7,59185,+502 3824-1039
2340,Agencia Guatemala 2340,Agencia,Guatemala,Guatemala,Zona 8,53223,+502 3830-7300
2341,Agencia Antigua Guatemala 2341,Agencia,Sacatepéquez,Antigua Guatemala,Zona 4,75324,+502 8419-6251
2342,Agencia Escuintla 2342,Agencia,Escuintla,Escuintla,Zona 4,24080,+502 6267-2687
2343,Agencia Quetzaltenango 2343,Agencia,Quetzaltenango,Quetzaltenango,Zona 2,36641,+502 2409-6478
2344,Agencia Cobán 2344,Agencia,Alta Verapaz,Cobán,Zona 7,14276,+502 4667-9101
2345,Agencia Flores 2345,Agencia,Petén,Flores,Zona 4,29506,+502 4164-3150
2346,Agencia Chiquimula 2346,Agencia,Chiquimula,Chiquimula,Zona 6,87279,+502 1569-4505
2347,Agencia Jutiapa 2347,Agencia,Jutiapa,Jutiapa,Zona 9,15810,+502 1628-7823
2348,Agencia Jalapa 2348,Agencia,Jalapa,Jalapa,Zona 6,21086,+502 5528-5407
2349,Agencia Huehuetenango 2349,Agencia,Huehuetenango,Huehuetenango,Zona 8,42903,+502 2992-5210
2350,Agencia Guatemala 2350,Agencia,Guatemala,Guatemala,Zona 6,87954,+502 4030-9539
2351,Agencia Antigua Guatemala 2351,Agencia,Sacatepéquez,Antigua Guatemala,Zona 9,75908,+502 1547-7187
2352,Agencia Escuintla 2352,Agencia,Escuintla,Escuintla,Zona 1,42742,+502 2698-6328
2353,Agencia Quetzaltenango 2353,Agencia,Quetzaltenango,Quetzaltenango,Zona 3,54909,+502 1679-6308
2354,Agencia Cobán 2354,Agencia,Alta Verapaz,Cobán,Zona 7,96350,+502 6598-8544
2355,Agencia Flores 2355,Agencia,Petén,Flores,Zona 8,19293,+502 9953-9676
2356,Agencia Chiquimula 2356,Agencia,Chiquimula,Chiquimula,Zona 9,38731,+502 9048-1696
2357,Agencia Jutiapa 2357,Agencia,Jutiapa,Jutiapa,Zona 10,38522,+502 8637-2065
2358,Agencia Jalapa 2358,Agencia,Jalapa,Jalapa,Zona 8,95575,+502 6656-7046
2359,Agencia Huehuetenango 2359,Agencia,Huehuetenango,Huehuetenango,Zona 10,86664,+502 6611-8512
2360,Agencia Guatemala 2360,Agencia,Guatemala,Guatemala,Zona 4,50834,+502 2458-6270
2361,Agencia Antigua Guatemala 2361,Agencia,Sacatepéquez,Antigua Guatemala,Zona 10,78187,+502 7019-5269
2362,Agencia Escuintla 2362,Agencia,Escuintla,Escuintla,Zona 8,24358,+502 2308-6667
2363,Agencia Quetzaltenango 2363,Agencia,Quetzaltenango,Quetzaltenango,Zona 7,81540,+502 8861-6130
2364,Agencia Cobán 2364,Agencia,Alta Verapaz,Cobán,Zona 5,93392,+502 9395-8648
2365,Agencia Flores 2365,Agencia,Petén,Flores,Zona 2,99217,+502 5857-3949
2366,Agencia Chiquimula 2366,Agencia,Chiquimula,Chiquimula,Zona 2,22046,+502 6007-2155
2367,Agencia Jutiapa 2367,Agencia,Jutiapa,Jutiapa,Zona 9,67860,+502 8160-1984
2368,Agencia Jalapa 2368,Agencia,Jalapa,Jalapa,Zona 4,36862,+502 2853-5414
2369,Agencia Huehuetenango 2369,Agencia,Huehuetenango,Huehuetenango,Zona 6,54886,+502 5320-2812
2370,Agencia Guatemala 2370,Agencia,Guatemala,Guatemala,Zona 2,29888,+502 6068-2442
2371,Agencia Antigua Guatemala 2371,Agencia,Sacatepéquez,Antigua Guatemala,Zona 8,10170,+502 4700-9367
2372,Agencia Escuintla 2372,Agencia,Escuintla,Escuintla,Zona 4,22139,+502 3185-9734
2373,Agencia Quetzaltenango 2373,Agencia,Quetzaltenango,Quetzaltenango,Zona 1,21316,+502 2314-9657
2374,Agencia Cobán 2374,Agencia,Alta Verapaz,Cobán,Zona 5,58185,+502 5259-8661
2375,Agencia Flores 2375,Agencia,Petén,Flores,Zona 9,69334,+502 6834-4027
2376,Agencia Chiquimula 2376,Agencia,Chiquimula,Chiquimula,Zona 1,20040,+502 7821-4434
2377,Agencia Jutiapa 2377,Agencia,Jutiapa,Jutiapa,Zona 4,37619,+502 1180-4576
2378,Agencia Jalapa 2378,Agencia,Jalapa,Jalapa,Zona 9,18550,+502 3753-3773
2379,Agencia Huehuetenango 2379,Agencia,Huehuetenango,Huehuetenango,Zona 7,89738,+502 2668-2703
2380,Agencia Guatemala 2380,Agencia,Guatemala,Guatemala,Zona 3,36445,+502 2438-6430
2381,Agencia Antigua Guatemala 2381,Agencia,Sacatepéquez,Antigua Guatemala,Zona 3,74114,+502 1465-5814
2382,Agencia Escuintla 2382,Agencia,Escuintla,Escuintla,Zona 8,78210,+502 3037-5010
2383,Agencia Quetzaltenango 2383,Agencia,Quetzaltenango,Quetzaltenango,Zona 7,72659,+502 7783-4591
2384,Agencia Cobán 2384,Agencia,Alta Verapaz,Cobán,Zona 2,26402,+502 4886-4652
2385,Agencia Flores 2385,Agencia,Petén,Flores,Zona 9,68087,+502 6156-8238
2386,Agencia Chiquimula 2386,Agencia,Chiquimula,Chiquimula,Zona 1,79559,+502 1965-8452
2387,Agencia Jutiapa 2387,Agencia,Jutiapa,Jutiapa,Zona 9,78179,+502 5997-9811
2388,Agencia Jalapa 2388,Agencia,Jalapa,Jalapa,Zona 6,70062,+502 5049-4621
2389,Agencia Huehuetenango 2389,Agencia,Huehuetenango,Huehuetenango,Zona 8,80548,+502 7115-8976
2390,Agencia Guatemala 2390,Agencia,Guatemala,Guatemala,Zona 4,30853,+502 1004-3146
2391,Agencia Antigua Guatemala 2391,Agencia,Sacatepéquez,Antigua Guatemala,Zona 10,20771,+502 5453-9736
2392,Agencia Escuintla 2392,Agencia,Escuintla,Escuintla,Zona 1,40064,+502 1137-6953
2393,Agencia Quetzaltenango 2393,Agencia,Quetzaltenango,Quetzaltenango,Zona 8,14423,+502 4755-5414
2394,Agencia Cobán 2394,Agencia,Alta Verapaz,Cobán,Zona 5,45982,+502 5734-8724
2395,Agencia Flores 2395,Agencia,Petén,Flores,Zona 3,94026,+502 7871-5984
2396,Agencia Chiquimula 2396,Agencia,Chiquimula,Chiquimula,Zona 5,61749,+502 9240-2928
2397,Agencia Jutiapa 2397,Agencia,Jutiapa,Jutiapa,Zona 8,76978,+502 4528-6027
2398,Agencia Jalapa 2398,Agencia,Jalapa,Jalapa,Zona 7,11549,+502 5748-6175
2399,Agencia Huehuetenango 2399,Agencia,Huehuetenango,Huehuetenango,Zona 4,96818,+502 2422-1102
2400,Agencia Guatemala 2400,Agencia,Guatemala,Guatemala,Zona 2,80675,+502 3347-7327
2401,Agencia Antigua Guatemala 2401,Agencia,Sacatepéquez,Antigua Guatemala,Zona 8,22128,+502 4256-9652
2402,Agencia Escuintla 2402,Agencia,Escuintla,Escuintla,Zona 8,23537,+502 3862-5817
2403,Agencia Quetzaltenango 2403,Agencia,Quetzaltenango,Quetzaltenango,Zona 1,87363,+502 4193-5621
2404,Agencia Cobán 2404,Agencia,Alta Verapaz,Cobán,Zona 4,89751,+502 9231-6480
2405,Agencia Flores 2405,Agencia,Petén,Flores,Zona 9,27816,+502 5811-5307
2406,Agencia Chiquimula 2406,Agencia,Chiquimula,Chiquimula,Zona 10,46942,+502 5394-8591
2407,Agencia Jutiapa 2407,Agencia,Jutiapa,Jutiapa,Zona 9,98865,+502 6803-8973
2408,Agencia Jalapa 2408,Agencia,Jalapa,Jalapa,Zona 6,39541,+502 5178-8732
2409,Agencia Huehuetenango 2409,Agencia,Huehuetenango,Huehuetenango,Zona 4,93526,+502 8525-8986
2410,Agencia Guatemala 2410,Agencia,Guatemala,Guatemala,Zona 2,90919,+502 4319-6143
2411,Agencia Antigua Guatemala 2411,Agencia,Sacatepéquez,Antigua Guatemala,Zona 1,48232,+502 8421-5884
2412,Agencia Escuintla 2412,Agencia,Escuintla,Escuintla,Zona 2,26268,+502 2359-1960
2413,Agencia Quetzaltenango 2413,Agencia,Quetzaltenango,Quetzaltenango,Zona 7,47734,+502 7083-5905
2414,Agencia Cobán 2414,Agencia,Alta Verapaz,Cobán,Zona 5,22472,+502 1891-6179
2415,Agencia Flores 2415,Agencia,Petén,Flores,Zona 1,41941,+502 8518-3680
2416,Agencia Chiquimula 2416,Agencia,Chiquimula,Chiquimula,Zona 4,81322,+502 3521-9441
2417,Agencia Jutiapa 2417,Agencia,Jutiapa,Jutiapa,Zona 9,32429,+502 9955-2130
2418,Agencia Jalapa 2418,Agencia,Jalapa,Jalapa,Zona 9,30454,+502 1999-3013
2419,Agencia Huehuetenango 2419,Agencia,Huehuetenango,Huehuetenango,Zona 1,36880,+502 2881-7689
2420,Agencia Guatemala 2420,Agencia,Guatemala,Guatemala,Zona 6,88448,+502 8324-6032
2421,Agencia Antigua Guatemala 2421,Agencia,Sacatepéquez,Antigua Guatemala,Zona 10,37584,+502 7380-8227
2422,Agencia Escuintla 2422,Agencia,Escuintla,Escuintla,Zona 1,65529,+502 3969-5697
2423,Agencia Quetzaltenango 2423,Agencia,Quetzaltenango,Quetzaltenango,Zona 3,10104,+502 5467-6364
2424,Agencia Cobán 2424,Agencia,Alta Verapaz,Cobán,Zona 1,92247,+502 8331-8446
2425,Agencia Flores 2425,Agencia,Petén,Flores,Zona 9,15462,+502 6852-1378
2426,Agencia Chiquimula 2426,Agencia,Chiquimula,Chiquimula,Zona 5,65420,+502 5445-2123
2427,Agencia Jutiapa 2427,Agencia,Jutiapa,Jutiapa,Zona 4,81485,+502 1990-7982
2428,Agencia Jalapa 2428,Agencia,Jalapa,Jalapa,Zona 9,35218,+502 3589-3237
2429,Agencia Huehuetenango 2429,Agencia,Huehuetenango,Huehuetenango,Zona 9,56524,+502 8539-2872
2430,Agencia Guatemala 2430,Agencia,Guatemala,Guatemala,Zona 10,29575,+502 5819-2631
2431,Agencia Antigua Guatemala 2431,Agencia,Sacatepéquez,Antigua Guatemala,Zona 7,18847,+502 9712-8145
2432,Agencia Escuintla 2432,Agencia,Escuintla,Escuintla,Zona 1,31117,+502 1078-6004
2433,Agencia Quetzaltenango 2433,Agencia,Quetzaltenango,Quetzaltenango,Zona 7,20276,+502 3668-9213
2434,Agencia Cobán 2434,Agencia,Alta Verapaz,Cobán,Zona 10,29199,+502 5617-6064
2435,Agencia Flores 2435,Agencia,Petén,Flores,Zona 10,23941,+502 3910-5206
2436,Agencia Chiquimula 2436,Agencia,Chiquimula,Chiquimula,Zona 3,53199,+502 5783-7824
2437,Agencia Jutiapa 2437,Agencia,Jutiapa,Jutiapa,Zona 9,72638,+502 8781-4761
2438,Agencia Jalapa 2438,Agencia,Jalapa,Jalapa,Zona 2,59319,+502 9164-3284
2439,Agencia Huehuetenango 2439,Agencia,Huehuetenango,Huehuetenango,Zona 8,86835,+502 8497-7336
2440,Agencia Guatemala 2440,Agencia,Guatemala,Guatemala,Zona 4,58959,+502 8622-4673
2441,Agencia Antigua Guatemala 2441,Agencia,Sacatepéquez,Antigua Guatemala,Zona 8,43241,+502 3038-7103
2442,Agencia Escuintla 2442,Agencia,Escuintla,Escuintla,Zona 2,33313,+502 9584-5136
2443,Agencia Quetzaltenango 2443,Agencia,Quetzaltenango,Quetzaltenango,Zona 6,28062,+502 1398-2857
2444,Agencia Cobán 2444,Agencia,Alta Verapaz,Cobán,Zona 10,70178,+502 9971-8383
2445,Agencia Flores 2445,Agencia,Petén,Flores,Zona 7,23050,+502 1524-4815
2446,Agencia Chiquimula 2446,Agencia,Chiquimula,Chiquimula,Zona 8,70616,+502 1236-4087
2447,Agencia Jutiapa 2447,Agencia,Jutiapa,Jutiapa,Zona 4,32413,+502 5202-6259
2448,Agencia Jalapa 2448,Agencia,Jalapa,Jalapa,Zona 4,96144,+502 9377-7640
2449,Agencia Huehuetenango 2449,Agencia,Huehuetenango,Huehuetenango,Zona 4,85403,+502 3990-3100
2450,Agencia Guatemala 2450,Agencia,Guatemala,Guatemala,Zona 10,94629,+502 9631-6387
2451,Agencia Antigua Guatemala 2451,Agencia,Sacatepéquez,Antigua Guatemala,Zona 8,54790,+502 2889-1819
2452,Agencia Escuintla 2452,Agencia,Escuintla,Escuintla,Zona 8,57780,+502 3025-5801
2453,Agencia Quetzaltenango 2453,Agencia,Quetzaltenango,Quetzaltenango,Zona 2,50516,+502 2678-5699
2454,Agencia Cobán 2454,Agencia,Alta Verapaz,Cobán,Zona 4,87576,+502 7091-5891
2455,Agencia Flores 2455,Agencia,Petén,Flores,Zona 8,15360,+502 5565-9940
2456,Agencia Chiquimula 2456,Agencia,Chiquimula,Chiquimula,Zona 1,27445,+502 3151-2059
2457,Agencia Jutiapa 2457,Agencia,Jutiapa,Jutiapa,Zona 5,10272,+502 9318-8091
2458,Agencia Jalapa 2458,Agencia,Jalapa,Jalapa,Zona 6,13055,+502 5263-9558
2459,Agencia Huehuetenango 2459,Agencia,Huehuetenango,Huehuetenango,Zona 2,41401,+502 2132-5736
2460,Agencia Guatemala 2460,Agencia,Guatemala,Guatemala,Zona 10,66606,+502 1355-3838
2461,Agencia Antigua Guatemala 2461,Agencia,Sacatepéquez,Antigua Guatemala,Zona 7,36516,+502 3141-2880
2462,Agencia Escuintla 2462,Agencia,Escuintla,Escuintla,Zona 3,47440,+502 8362-2550
2463,Agencia Quetzaltenango 2463,Agencia,Quetzaltenango,Quetzaltenango,Zona 4,31965,+502 2805-2200
2464,Agencia Cobán 2464,Agencia,Alta Verapaz,Cobán,Zona 7,14970,+502 4367-6349
2465,Agencia Flores 2465,Agencia,Petén,Flores,Zona 4,55446,+502 9789-3882
2466,Agencia Chiquimula 2466,Agencia,Chiquimula,Chiquimula,Zona 3,34351,+502 3502-6223
2467,Agencia Jutiapa 2467,Agencia,Jutiapa,Jutiapa,Zona 10,96564,+502 6073-8473
2468,Agencia Jalapa 2468,Agencia,Jalapa,Jalapa,Zona 6,90372,+502 5194-4483
2469,Agencia Huehuetenango 2469,Agencia,Huehuetenango,Huehuetenango,Zona 9,54629,+502 5860-2613
2470,Agencia Guatemala 2470,Agencia,Guatemala,Guatemala,Zona 8,44774,+502 6166-1651
2471,Agencia Antigua Guatemala 2471,Agencia,Sacatepéquez,Antigua Guatemala,Zona 9,17138,+502 8997-1335
2472,Agencia Escuintla 2472,Agencia,Escuintla,Escuintla,Zona 5,61318,+502 4955-6017
2473,Agencia Quetzaltenango 2473,Agencia,Quetzaltenango,Quetzaltenango,Zona 4,79502,+502 2162-1432
2474,Agencia Cobán 2474,Agencia,Alta Verapaz,Cobán,Zona 7,87259,+502 9014-9303
2475,Agencia Flores 2475,Agencia,Petén,Flores,Zona 8,49318,+502 7991-7143
2476,Agencia Chiquimula 2476,Agencia,Chiquimula,Chiquimula,Zona 8,37586,+502 6466-7408
2477,Agencia Jutiapa 2477,Agencia,Jutiapa,Jutiapa,Zona 3,44861,+502 5886-4570
2478,Agencia Jalapa 2478,Agencia,Jalapa,Jalapa,Zona 3,28677,+502 1568-6956
2479,Agencia Huehuetenango 2479,Agencia,Huehuetenango,Huehuetenango,Zona 9,29888,+502 8188-6216
2480,Agencia Guatemala 2480,Agencia,Guatemala,Guatemala,Zona 5,73282,+502 6118-8781
2481,Agencia Antigua Guatemala 2481,Agencia,Sacatepéquez,Antigua Guatemala,Zona 4,41502,+502 5818-7533
2482,Agencia Escuintla 2482,Agencia,Escuintla,Escuintla,Zona 4,82917,+502 5112-2354
2483,Agencia Quetzaltenango 2483,Agencia,Quetzaltenango,Quetzaltenango,Zona 1,97207,+502 1730-6679
2484,Agencia Cobán 2484,Agencia,Alta Verapaz,Cobán,Zona 3,71134,+502 1963-4261
2485,Agencia Flores 2485,Agencia,Petén,Flores,Zona 9,93124,+502 2521-5643
2486,Agencia Chiquimula 2486,Agencia,Chiquimula,Chiquimula,Zona 7,86599,+502 6356-1408
2487,Agencia Jutiapa 2487,Agencia,Jutiapa,Jutiapa,Zona 9,13689,+502 8962-8891
2488,Agencia Jalapa 2488,Agencia,Jalapa,Jalapa,Zona 2,20082,+502 5769-7011
2489,Agencia Huehuetenango 2489,Agencia,Huehuetenango,Huehuetenango,Zona 7,44722,+502 3653-2503
2490,Agencia Guatemala 2490,Agencia,Guatemala,Guatemala,Zona 9,62724,+502 8766-8363
2491,Agencia Antigua Guatemala 2491,Agencia,Sacatepéquez,Antigua Guatemala,Zona 9,48669,+502 9775-8955
2492,Agencia Escuintla 2492,Agencia,Escuintla,Escuintla,Zona 10,59388,+502 7618-8428
2493,Agencia Quetzaltenango 2493,Agencia,Quetzaltenango,Quetzaltenango,Zona 9,11540,+502 5951-8643
2494,Agencia Cobán 2494,Agencia,Alta Verapaz,Cobán,Zona 4,95091,+502 1727-1335
2495,Agencia Flores 2495,Agencia,Petén,Flores,Zona 1,14341,+502 5199-3204
2496,Agencia Chiquimula 2496,Agencia,Chiquimula,Chiquimula,Zona 9,82019,+502 1190-5962
2497,Agencia Jutiapa 2497,Agencia,Jutiapa,Jutiapa,Zona 1,40979,+502 5732-8312
2498,Agencia Jalapa 2498,Agencia,Jalapa,Jalapa,Zona 8,24914,+502 5238-7956
2499,Agencia Huehuetenango 2499,Agencia,Huehuetenango,Huehuetenango,Zona 9,58856,+502 7372-5530
2500,Agencia Guatemala 2500,Agencia,Guatemala,Guatemala,Zona 8,98917,+502 7852-3878
2501,Agencia Antigua Guatemala 2501,Agencia,Sacatepéquez,Antigua Guatemala,Zona 7,91617,+502 7770-3500
2502,Agencia Escuintla 2502,Agencia,Escuintla,Escuintla,Zona 10,50237,+502 4673-2274
2503,Agencia Quetzaltenango 2503,Agencia,Quetzaltenango,Quetzaltenango,Zona 4,34232,+502 5894-2195
2504,Agencia Cobán 2504,Agencia,Alta Verapaz,Cobán,Zona 5,45793,+502 4269-3698
2505,Agencia Flores 2505,Agencia,Petén,Flores,Zona 8,11023,+502 6621-4533
2506,Agencia Chiquimula 2506,Agencia,Chiquimula,Chiquimula,Zona 1,60793,+502 9333-1308
2507,Agencia Jutiapa 2507,Agencia,Jutiapa,Jutiapa,Zona 3,39547,+502 6105-3999
2508,Agencia Jalapa 2508,Agencia,Jalapa,Jalapa,Zona 7,77492,+502 6674-1890
2509,Agencia Huehuetenango 2509,Agencia,Huehuetenango,Huehuetenango,Zona 2,38129,+502 5832-9428
2510,Agencia Guatemala 2510,Agencia,Guatemala,Guatemala,Zona 10,30197,+502 2215-1101
2511,Agencia Antigua Guatemala 2511,Agencia,Sacatepéquez,Antigua Guatemala,Zona 6,51122,+502 4331-9633
2512,Agencia Escuintla 2512,Agencia,Escuintla,Escuintla,Zona 2,67790,+502 3609-9445
2513,Agencia Quetzaltenango 2513,Agencia,Quetzaltenango,Quetzaltenango,Zona 4,60882,+502 5766-8633
2514,Agencia Cobán 2514,Agencia,Alta Verapaz,Cobán,Zona 8,80149,+502 4317-2792
2515,Agencia Flores 2515,Agencia,Petén,Flores,Zona 5,29263,+502 5582-1051
2516,Agencia Chiquimula 2516,Agencia,Chiquimula,Chiquimula,Zona 8,20158,+502 9947-8308
2517,Agencia Jutiapa 2517,Agencia,Jutiapa,Jutiapa,Zona 3,87160,+502 2676-2435
2518,Agencia Jalapa 2518,Agencia,Jalapa,Jalapa,Zona 10,38620,+502 9026-6531
2519,Agencia Huehuetenango 2519,Agencia,Huehuetenango,Huehuetenango,Zona 3,70037,+502 5163-6930
2520,Agencia Guatemala 2520,Agencia,Guatemala,Guatemala,Zona 2,37691,+502 7835-4859
2521,Agencia Antigua Guatemala 2521,Agencia,Sacatepéquez,Antigua Guatemala,Zona 1,87809,+502 4233-1845
2522,Agencia Escuintla 2522,Agencia,Escuintla,Escuintla,Zona 3,14227,+502 8578-7370
2523,Agencia Quetzaltenango 2523,Agencia,Quetzaltenango,Quetzaltenango,Zona 4,23002,+502 8183-5166
2524,Agencia Cobán 2524,Agencia,Alta Verapaz,Cobán,Zona 5,37845,+502 8844-3507
2525,Agencia Flores 2525,Agencia,Petén,Flores,Zona 9,57324,+502 8049-8409
2526,Agencia Chiquimula 2526,Agencia,Chiquimula,Chiquimula,Zona 5,35340,+502 7895-4342
2527,Agencia Jutiapa 2527,Agencia,Jutiapa,Jutiapa,Zona 3,29704,+502 6465-2613
2528,Agencia Jalapa 2528,Agencia,Jalapa,Jalapa,Zona 8,89338,+502 3797-8761
2529,Agencia Huehuetenango 2529,Agencia,Huehuetenango,Huehuetenango,Zona 1,49660,+502 9434-6743
2530,Agencia Guatemala 2530,Agencia,Guatemala,Guatemala,Zona 5,38420,+502 4373-5591
2531,Agencia Antigua Guatemala 2531,Agencia,Sacatepéquez,Antigua Guatemala,Zona 3,72630,+502 9926-1388
2532,Agencia Escuintla 2532,Agencia,Escuintla,Escuintla,Zona 5,28267,+502 8994-1683
2533,Agencia Quetzaltenango 2533,Agencia,Quetzaltenango,Quetzaltenango,Zona 8,56434,+502 2802-3914
2534,Agencia Cobán 2534,Agencia,Alta Verapaz,Cobán,Zona 7,62069,+502 9248-5857
2535,Agencia Flores 2535,Agencia,Petén,Flores,Zona 10,36448,+502 5358-5989
2536,Agencia Chiquimula 2536,Agencia,Chiquimula,Chiquimula,Zona 8,74728,+502 6065-1343
2537,Agencia Jutiapa 2537,Agencia,Jutiapa,Jutiapa,Zona 2,69201,+502 9490-5010
2538,Agencia Jalapa 2538,Agencia,Jalapa,Jalapa,Zona 2,54614,+502 3518-3896
2539,Agencia Huehuetenango 2539,Agencia,Huehuetenango,Huehuetenango,Zona 10,99222,+502 1304-3605
2540,Agencia Guatemala 2540,Agencia,Guatemala,Guatemala,Zona 8,37348,+502 5800-9240
2541,Agencia Antigua Guatemala 2541,Agencia,Sacatepéquez,Antigua Guatemala,Zona 7,92200,+502 3838-5936
2542,Agencia Escuintla 2542,Agencia,Escuintla,Escuintla,Zona 2,14317,+502 9358-2686
2543,Agencia Quetzaltenango 2543,Agencia,Quetzaltenango,Quetzaltenango,Zona 3,52362,+502 7461-5250
2544,Agencia Cobán 2544,Agencia,Alta Verapaz,Cobán,Zona 9,97113,+502 1161-2776
2545,Agencia Flores 2545,Agencia,Petén,Flores,Zona 2,95257,+502 5033-8321
2546,Agencia Chiquimula 2546,Agencia,Chiquimula,Chiquimula,Zona 10,12899,+502 1867-4918
2547,Agencia Jutiapa 2547,Agencia,Jutiapa,Jutiapa,Zona 1,46111,+502 7488-3575
2548,Agencia Jalapa 2548,Agencia,Jalapa,Jalapa,Zona 2,51938,+502 8849-5584
2549,Agencia Huehuetenango 2549,Agencia,Huehuetenango,Huehuetenango,Zona 10,29395,+502 3963-3805
2550,Agencia Guatemala 2550,Agencia,Guatemala,Guatemala,Zona 7,38267,+502 1653-4890
2551,Agencia Antigua Guatemala 2551,Agencia,Sacatepéquez,Antigua Guatemala,Zona 7,70655,+502 1416-4703
2552,Agencia Escuintla 2552,Agencia,Escuintla,Escuintla,Zona 1,32344,+502 7662-7881
2553,Agencia Quetzaltenango 2553,Agencia,Quetzaltenango,Quetzaltenango,Zona 6,68833,+502 4541-7578
2554,Agencia Cobán 2554,Agencia,Alta Verapaz,Cobán,Zona 9,80051,+502 7989-9649
2555,Agencia Flores 2555,Agencia,Petén,Flores,Zona 8,89429,+502 7712-8703
2556,Agencia Chiquimula 2556,Agencia,Chiquimula,Chiquimula,Zona 2,39868,+502 7203-7820
2557,Agencia Jutiapa 2557,Agencia,Jutiapa,Jutiapa,Zona 5,65208,+502 5466-4599
2558,Agencia Jalapa 2558,Agencia,Jalapa,Jalapa,Zona 7,47191,+502 1003-8322
2559,Agencia Huehuetenango 2559,Agencia,Huehuetenango,Huehuetenango,Zona 8,67494,+502 3610-9127
2560,Agencia Guatemala 2560,Agencia,Guatemala,Guatemala,Zona 6,78526,+502 7091-6275
2561,Agencia Antigua Guatemala 2561,Agencia,Sacatepéquez,Antigua Guatemala,Zona 1,83872,+502 7032-4937
2562,Agencia Escuintla 2562,Agencia,Escuintla,Escuintla,Zona 6,91161,+502 5901-7718
2563,Agencia Quetzaltenango 2563,Agencia,Quetzaltenango,Quetzaltenango,Zona 3,51136,+502 9832-1651
2564,Agencia Cobán 2564,Agencia,Alta Verapaz,Cobán,Zona 1,20153,+502 1694-4766
2565,Agencia Flores 2565,Agencia,Petén,Flores,Zona 5,20434,+502 6673-2527
2566,Agencia Chiquimula 2566,Agencia,Chiquimula,Chiquimula,Zona 9,80855,+502 2155-9622
2567,Agencia Jutiapa 2567,Agencia,Jutiapa,Jutiapa,Zona 8,78477,+502 8039-1471
2568,Agencia Jalapa 2568,Agencia,Jalapa,Jalapa,Zona 4,91667,+502 6604-5611
2569,Agencia Huehuetenango 2569,Agencia,Huehuetenango,Huehuetenango,Zona 8,64227,+502 1793-6189
2570,Agencia Guatemala 2570,Agencia,Guatemala,Guatemala,Zona 3,13230,+502 2134-4886
2571,Agencia Antigua Guatemala 2571,Agencia,Sacatepéquez,Antigua Guatemala,Zona 1,25757,+502 4050-6740
2572,Agencia Escuintla 2572,Agencia,Escuintla,Escuintla,Zona 6,59920,+502 7520-2974
2573,Agencia Quetzaltenango 2573,Agencia,Quetzaltenango,Quetzaltenango,Zona 5,95181,+502 9211-7084
2574,Agencia Cobán 2574,Agencia,Alta Verapaz,Cobán,Zona 6,58990,+502 6227-9164
2575,Agencia Flores 2575,Agencia,Petén,Flores,Zona 5,86198,+502 3877-1939
2576,Agencia Chiquimula 2576,Agencia,Chiquimula,Chiquimula,Zona 1,67128,+502 8739-1445
2577,Agencia Jutiapa 2577,Agencia,Jutiapa,Jutiapa,Zona 5,63691,+502 4746-7268
2578,Agencia Jalapa 2578,Agencia,Jalapa,Jalapa,Zona 10,74548,+502 5042-4682
2579,Agencia Huehuetenango 2579,Agencia,Huehuetenango,Huehuetenango,Zona 1,34857,+502 9449-5918
2580,Agencia Guatemala 2580,Agencia,Guatemala,Guatemala,Zona 5,67056,+502 8196-2461
2581,Agencia Antigua Guatemala 2581,Agencia,Sacatepéquez,Antigua Guatemala,Zona 7,30344,+502 4634-1023
2582,Agencia Escuintla 2582,Agencia,Escuintla,Escuintla,Zona 4,11119,+502 8983-5485
2583,Agencia Quetzaltenango 2583,Agencia,Quetzaltenango,Quetzaltenango,Zona 7,82861,+502 8599-2902
2584,Agencia Cobán 2584,Agencia,Alta Verapaz,Cobán,Zona 7,12855,+502 5852-1366
2585,Agencia Flores 2585,Agencia,Petén,Flores,Zona 9,89943,+502 7452-7261
2586,Agencia Chiquimula 2586,Agencia,Chiquimula,Chiquimula,Zona 4,21214,+502 9541-3163
2587,Agencia Jutiapa 2587,Agencia,Jutiapa,Jutiapa,Zona 8,43896,+502 5238-3904
2588,Agencia Jalapa 2588,Agencia,Jalapa,Jalapa,Zona 4,43627,+502 1091-1031
2589,Agencia Huehuetenango 2589,Agencia,Huehuetenango,Huehuetenango,Zona 10,68563,+502 2265-7419
2590,Agencia Guatemala 2590,Agencia,Guatemala,Guatemala,Zona 7,27203,+502 8274-8036
2591,Agencia Antigua Guatemala 2591,Agencia,Sacatepéquez,Antigua Guatemala,Zona 7,39237,+502 1372-7406
2592,Agencia Escuintla 2592,Agencia,Escuintla,Escuintla,Zona 8,33471,+502 9547-7646
2593,Agencia Quetzaltenango 2593,Agencia,Quetzaltenango,Quetzaltenango,Zona 8,38899,+502 6180-9061
2594,Agencia Cobán 2594,Agencia,Alta Verapaz,Cobán,Zona 5,77183,+502 2258-6788
2595,Agencia Flores 2595,Agencia,Petén,Flores,Zona 3,37515,+502 4236-3938
2596,Agencia Chiquimula 2596,Agencia,Chiquimula,Chiquimula,Zona 7,62072,+502 3558-4251
2597,Agencia Jutiapa 2597,Agencia,Jutiapa,Jutiapa,Zona 9,88374,+502 9577-6880
2598,Agencia Jalapa 2598,Agencia,Jalapa,Jalapa,Zona 10,23305,+502 6605-2664
2599,Agencia Huehuetenango 2599,Agencia,Huehuetenango,Huehuetenango,Zona 5,33182,+502 7112-3010
2600,Agencia Guatemala 2600,Agencia,Guatemala,Guatemala,Zona 2,65272,+502 6687-8679
2601,Agencia Antigua Guatemala 2601,Agencia,Sacatepéquez,Antigua Guatemala,Zona 9,64791,+502 8415-5084
2602,Agencia Escuintla 2602,Agencia,Escuintla,Escuintla,Zona 6,74795,+502 8993-7181
2603,Agencia Quetzaltenango 2603,Agencia,Quetzaltenango,Quetzaltenango,Zona 10,55997,+502 5442-6363
2604,Agencia Cobán 2604,Agencia,Alta Verapaz,Cobán,Zona 3,24808,+502 8001-9116
2605,Agencia Flores 2605,Agencia,Petén,Flores,Zona 3,69901,+502 3701-9550
2606,Agencia Chiquimula 2606,Agencia,Chiquimula,Chiquimula,Zona 3,69522,+502 8644-2513
2607,Agencia Jutiapa 2607,Agencia,Jutiapa,Jutiapa,Zona 5,62949,+502 5429-6242
2608,Agencia Jalapa 2608,Agencia,Jalapa,Jalapa,Zona 4,34605,+502 7831-6909
2609,Agencia Huehuetenango 2609,Agencia,Huehuetenango,Huehuetenango,Zona 9,45651,+502 1483-7382
2610,Agencia Guatemala 2610,Agencia,Guatemala,Guatemala,Zona 1,13740,+502 4340-4662
2611,Agencia Antigua Guatemala 2611,Agencia,Sacatepéquez,Antigua Guatemala,Zona 1,80745,+502 1484-9084
2612,Agencia Escuintla 2612,Agencia,Escuintla,Escuintla,Zona 10,14710,+502 7189-5895
2613,Agencia Quetzaltenango 2613,Agencia,Quetzaltenango,Quetzaltenango,Zona 9,87788,+502 4783-2947
2614,Agencia Cobán 2614,Agencia,Alta Verapaz,Cobán,Zona 1,16627,+502 8559-2211
2615,Agencia Flores 2615,Agencia,Petén,Flores,Zona 5,37120,+502 4449-6527
2616,Agencia Chiquimula 2616,Agencia,Chiquimula,Chiquimula,Zona 10,55074,+502 6970-7334
2617,Agencia Jutiapa 2617,Agencia,Jutiapa,Jutiapa,Zona 9,76609,+502 6670-4207
2618,Agencia Jalapa 2618,Agencia,Jalapa,Jalapa,Zona 4,17281,+502 6604-3115
2619,Agencia Huehuetenango 2619,Agencia,Huehuetenango,Huehuetenango,Zona 4,87213,+502 5965-6462
2620,Agencia Guatemala 2620,Agencia,Guatemala,Guatemala,Zona 9,23705,+502 9179-2753
2621,Agencia Antigua Guatemala 2621,Agencia,Sacatepéquez,Antigua Guatemala,Zona 1,39444,+502 4314-5669
2622,Agencia Escuintla 2622,Agencia,Escuintla,Escuintla,Zona 2,41455,+502 5630-3817
2623,Agencia Quetzaltenango 2623,Agencia,Quetzaltenango,Quetzaltenango,Zona 7,95181,+502 2903-4499
2624,Agencia Cobán 2624,Agencia,Alta Verapaz,Cobán,Zona 8,16811,+502 3320-1499
2625,Agencia Flores 2625,Agencia,Petén,Flores,Zona 6,31197,+502 8592-9162
2626,Agencia Chiquimula 2626,Agencia,Chiquimula,Chiquimula,Zona 5,66358,+502 8414-4107
2627,Agencia Jutiapa 2627,Agencia,Jutiapa,Jutiapa,Zona 9,40880,+502 3192-4689
2628,Agencia Jalapa 2628,Agencia,Jalapa,Jalapa,Zona 2,41682,+502 4352-3355
2629,Agencia Huehuetenango 2629,Agencia,Huehuetenango,Huehuetenango,Zona 4,86996,+502 1245-9049
2630,Agencia Guatemala 2630,Agencia,Guatemala,Guatemala,Zona 4,64933,+502 3850-2947
2631,Agencia Antigua Guatemala 2631,Agencia,Sacatepéquez,Antigua Guatemala,Zona 5,96991,+502 6744-5407
2632,Agencia Escuintla 2632,Agencia,Escuintla,Escuintla,Zona 8,37670,+502 9657-7737
2633,Agencia Quetzaltenango 2633,Agencia,Quetzaltenango,Quetzaltenango,Zona 5,70002,+502 4744-4668
2634,Agencia Cobán 2634,Agencia,Alta Verapaz,Cobán,Zona 8,80589,+502 4576-4273
2635,Agencia Flores 2635,Agencia,Petén,Flores,Zona 7,44227,+502 8898-2647
2636,Agencia Chiquimula 2636,Agencia,Chiquimula,Chiquimula,Zona 10,48601,+502 9861-6417
2637,Agencia Jutiapa 2637,Agencia,Jutiapa,Jutiapa,Zona 5,13592,+502 4888-2848
2638,Agencia Jalapa 2638,Agencia,Jalapa,Jalapa,Zona 6,27830,+502 7327-5015
2639,Agencia Huehuetenango 2639,Agencia,Huehuetenango,Huehuetenango,Zona 7,68077,+502 2129-5762
2640,Agencia Guatemala 2640,Agencia,Guatemala,Guatemala,Zona 5,33946,+502 9509-3906
2641,Agencia Antigua Guatemala 2641,Agencia,Sacatepéquez,Antigua Guatemala,Zona 2,50970,+502 9331-9047
2642,Agencia Escuintla 2642,Agencia,Escuintla,Escuintla,Zona 8,99770,+502 9477-7579
2643,Agencia Quetzaltenango 2643,Agencia,Quetzaltenango,Quetzaltenango,Zona 1,68446,+502 2641-3798
2644,Agencia Cobán 2644,Agencia,Alta Verapaz,Cobán,Zona 8,35064,+502 1521-7496
2645,Agencia Flores 2645,Agencia,Petén,Flores,Zona 8,65475,+502 3884-4146
2646,Agencia Chiquimula 2646,Agencia,Chiquimula,Chiquimula,Zona 3,77682,+502 5562-5204
2647,Agencia Jutiapa 2647,Agencia,Jutiapa,Jutiapa,Zona 7,31684,+502 9667-9544
2648,Agencia Jalapa 2648,Agencia,Jalapa,Jalapa,Zona 5,36244,+502 9359-9204
2649,Agencia Huehuetenango 2649,Agencia,Huehuetenango,Huehuetenango,Zona 7,53744,+502 7425-4229
2650,Agencia Guatemala 2650,Agencia,Guatemala,Guatemala,Zona 2,69317,+502 7084-7046
2651,Agencia Antigua Guatemala 2651,Agencia,Sacatepéquez,Antigua Guatemala,Zona 5,86661,+502 3026-6798
2652,Agencia Escuintla 2652,Agencia,Escuintla,Escuintla,Zona 3,78137,+502 2872-3083
2653,Agencia Quetzaltenango 2653,Agencia,Quetzaltenango,Quetzaltenango,Zona 2,12292,+502 1221-5821
2654,Agencia Cobán 2654,Agencia,Alta Verapaz,Cobán,Zona 1,18099,+502 5070-7872
2655,Agencia Flores 2655,Agencia,Petén,Flores,Zona 10,41476,+502 5190-7103
2656,Agencia Chiquimula 2656,Agencia,Chiquimula,Chiquimula,Zona 4,53361,+502 5899-1468
2657,Agencia Jutiapa 2657,Agencia,Jutiapa,Jutiapa,Zona 8,71609,+502 5096-6486
2658,Agencia Jalapa 2658,Agencia,Jalapa,Jalapa,Zona 10,28003,+502 2700-1980
2659,Agencia Huehuetenango 2659,Agencia,Huehuetenango,Huehuetenango,Zona 6,72106,+502 3235-1240
2660,Agencia Guatemala 2660,Agencia,Guatemala,Guatemala,Zona 7,16107,+502 2853-5327
2661,Agencia Antigua Guatemala 2661,Agencia,Sacatepéquez,Antigua Guatemala,Zona 6,16838,+502 3978-9400
2662,Agencia Escuintla 2662,Agencia,Escuintla,Escuintla,Zona 6,71051,+502 7892-3730
2663,Agencia Quetzaltenango 2663,Agencia,Quetzaltenango,Quetzaltenango,Zona 3,27345,+502 8139-6782
2664,Agencia Cobán 2664,Agencia,Alta Verapaz,Cobán,Zona 7,55723,+502 4558-1316
2665,Agencia Flores 2665,Agencia,Petén,Flores,Zona 10,26310,+502 9517-3937
2666,Agencia Chiquimula 2666,Agencia,Chiquimula,Chiquimula,Zona 9,95090,+502 5240-7343
2667,Agencia Jutiapa 2667,Agencia,Jutiapa,Jutiapa,Zona 7,17065,+502 9795-3097
2668,Agencia Jalapa 2668,Agencia,Jalapa,Jalapa,Zona 2,35694,+502 2749-9345
2669,Agencia Huehuetenango 2669,Agencia,Huehuetenango,Huehuetenango,Zona 7,96517,+502 3613-5092
2670,Agencia Guatemala 2670,Agencia,Guatemala,Guatemala,Zona 4,22097,+502 4436-5570
2671,Agencia Antigua Guatemala 2671,Agencia,Sacatepéquez,Antigua Guatemala,Zona 10,71994,+502 8054-9222
2672,Agencia Escuintla 2672,Agencia,Escuintla,Escuintla,Zona 8,66219,+502 5216-6156
2673,Agencia Quetzaltenango 2673,Agencia,Quetzaltenango,Quetzaltenango,Zona 8,96545,+502 9990-2895
2674,Agencia Cobán 2674,Agencia,Alta Verapaz,Cobán,Zona 10,28073,+502 2749-1079
2675,Agencia Flores 2675,Agencia,Petén,Flores,Zona 10,76577,+502 8689-6648
2676,Agencia Chiquimula 2676,Agencia,Chiquimula,Chiquimula,Zona 6,80666,+502 1388-4738
2677,Agencia Jutiapa 2677,Agencia,Jutiapa,Jutiapa,Zona 4,74152,+502 5287-1517
2678,Agencia Jalapa 2678,Agencia,Jalapa,Jalapa,Zona 1,60897,+502 2144-1211
2679,Agencia Huehuetenango 2679,Agencia,Huehuetenango,Huehuetenango,Zona 8,66276,+502 2115-9696
2680,Agencia Guatemala 2680,Agencia,Guatemala,Guatemala,Zona 8,16785,+502 5784-8966
2681,Agencia Antigua Guatemala 2681,Agencia,Sacatepéquez,Antigua Guatemala,Zona 9,97355,+502 3843-4736
2682,Agencia Escuintla 2682,Agencia,Escuintla,Escuintla,Zona 5,80897,+502 3194-3749
2683,Agencia Quetzaltenango 2683,Agencia,Quetzaltenango,Quetzaltenango,Zona 6,79827,+502 6110-1555
2684,Agencia Cobán 2684,Agencia,Alta Verapaz,Cobán,Zona 1,96861,+502 9486-9620
2685,Agencia Flores 2685,Agencia,Petén,Flores,Zona 9,31997,+502 6426-8656
2686,Agencia Chiquimula 2686,Agencia,Chiquimula,Chiquimula,Zona 7,91599,+502 9826-8719
2687,Agencia Jutiapa 2687,Agencia,Jutiapa,Jutiapa,Zona 6,56158,+502 1677-4754
2688,Agencia Jalapa 2688,Agencia,Jalapa,Jalapa,Zona 7,43935,+502 8886-5782
2689,Agencia Huehuetenango 2689,Agencia,Huehuetenango,Huehuetenango,Zona 10,38811,+502 9763-6446
2690,Agencia Guatemala 2690,Agencia,Guatemala,Guatemala,Zona 6,65515,+502 5484-7621
2691,Agencia Antigua Guatemala 2691,Agencia,Sacatepéquez,Antigua Guatemala,Zona 10,50284,+502 1600-2267
2692,Agencia Escuintla 2692,Agencia,Escuintla,Escuintla,Zona 6,22249,+502 1964-5593
2693,Agencia Quetzaltenango 2693,Agencia,Quetzaltenango,Quetzaltenango,Zona 4,68877,+502 4899-8470
2694,Agencia Cobán 2694,Agencia,Alta Verapaz,Cobán,Zona 8,81740,+502 8379-3678
2695,Agencia Flores 2695,Agencia,Petén,Flores,Zona 9,47190,+502 7489-1537
2696,Agencia Chiquimula 2696,Agencia,Chiquimula,Chiquimula,Zona 3,10577,+502 1855-4222
2697,Agencia Jutiapa 2697,Agencia,Jutiapa,Jutiapa,Zona 9,91761,+502 6684-2475
2698,Agencia Jalapa 2698,Agencia,Jalapa,Jalapa,Zona 1,16366,+502 5463-4615
2699,Agencia Huehuetenango 2699,Agencia,Huehuetenango,Huehuetenango,Zona 3,56912,+502 4493-9461
2700,Agencia Guatemala 2700,Agencia,Guatemala,Guatemala,Zona 10,16254,+502 3785-5495
2701,Agencia Antigua Guatemala 2701,Agencia,Sacatepéquez,Antigua Guatemala,Zona 4,11922,+502 8817-5530
2702,Agencia Escuintla 2702,Agencia,Escuintla,Escuintla,Zona 10,49336,+502 1974-5691
2703,Agencia Quetzaltenango 2703,Agencia,Quetzaltenango,Quetzaltenango,Zona 8,82154,+502 8349-2072
2704,Agencia Cobán 2704,Agencia,Alta Verapaz,Cobán,Zona 8,54971,+502 4696-7118
2705,Agencia Flores 2705,Agencia,Petén,Flores,Zona 2,28900,+502 7583-2635
2706,Agencia Chiquimula 2706,Agencia,Chiquimula,Chiquimula,Zona 6,80892,+502 3657-3227
2707,Agencia Jutiapa 2707,Agencia,Jutiapa,Jutiapa,Zona 4,67467,+502 2504-1731
2708,Agencia Jalapa 2708,Agencia,Jalapa,Jalapa,Zona 9,15522,+502 8932-4148
2709,Agencia Huehuetenango 2709,Agencia,Huehuetenango,Huehuetenango,Zona 9,76620,+502 8578-2152
2710,Agencia Guatemala 2710,Agencia,Guatemala,Guatemala,Zona 6,59638,+502 6581-6054
2711,Agencia Antigua Guatemala 2711,Agencia,Sacatepéquez,Antigua Guatemala,Zona 9,38334,+502 5651-4280
2712,Agencia Escuintla 2712,Agencia,Escuintla,Escuintla,Zona 9,38638,+502 4240-7519
2713,Agencia Quetzaltenango 2713,Agencia,Quetzaltenango,Quetzaltenango,Zona 4,37994,+502 8419-2490
2714,Agencia Cobán 2714,Agencia,Alta Verapaz,Cobán,Zona 2,87972,+502 4038-6724
2715,Agencia Flores 2715,Agencia,Petén,Flores,Zona 1,39758,+502 1450-2274
2716,Agencia Chiquimula 2716,Agencia,Chiquimula,Chiquimula,Zona 4,62507,+502 5592-2904
2717,Agencia Jutiapa 2717,Agencia,Jutiapa,Jutiapa,Zona 9,13778,+502 9286-2983
2718,Agencia Jalapa 2718,Agencia,Jalapa,Jalapa,Zona 8,57250,+502 4411-4732
2719,Agencia Huehuetenango 2719,Agencia,Huehuetenango,Huehuetenango,Zona 7,57297,+502 1924-8202
2720,Agencia Guatemala 2720,Agencia,Guatemala,Guatemala,Zona 5,84546,+502 4451-7010
2721,Agencia Antigua Guatemala 2721,Agencia,Sacatepéquez,Antigua Guatemala,Zona 7,57985,+502 7900-3036
2722,Agencia Escuintla 2722,Agencia,Escuintla,Escuintla,Zona 3,44287,+502 6932-7184
2723,Agencia Quetzaltenango 2723,Agencia,Quetzaltenango,Quetzaltenango,Zona 10,55961,+502 2765-8577
2724,Agencia Cobán 2724,Agencia,Alta Verapaz,Cobán,Zona 7,46195,+502 8291-3744
2725,Agencia Flores 2725,Agencia,Petén,Flores,Zona 6,39655,+502 5056-6523
2726,Agencia Chiquimula 2726,Agencia,Chiquimula,Chiquimula,Zona 9,30379,+502 3326-6919
2727,Agencia Jutiapa 2727,Agencia,Jutiapa,Jutiapa,Zona 9,81935,+502 3124-4292
2728,Agencia Jalapa 2728,Agencia,Jalapa,Jalapa,Zona 6,16224,+502 9413-3519
2729,Agencia Huehuetenango 2729,Agencia,Huehuetenango,Huehuetenango,Zona 2,99899,+502 4571-3238
2730,Agencia Guatemala 2730,Agencia,Guatemala,Guatemala,Zona 10,35813,+502 5783-8505
2731,Agencia Antigua Guatemala 2731,Agencia,Sacatepéquez,Antigua Guatemala,Zona 8,64743,+502 1624-7667
2732,Agencia Escuintla 2732,Agencia,Escuintla,Escuintla,Zona 2,25865,+502 5213-1152
2733,Agencia Quetzaltenango 2733,Agencia,Quetzaltenango,Quetzaltenango,Zona 10,90728,+502 5473-6692
2734,Agencia Cobán 2734,Agencia,Alta Verapaz,Cobán,Zona 3,14206,+502 8063-4721
2735,Agencia Flores 2735,Agencia,Petén,Flores,Zona 6,44215,+502 3152-7575
2736,Agencia Chiquimula 2736,Agencia,Chiquimula,Chiquimula,Zona 1,93647,+502 6525-6086
2737,Agencia Jutiapa 2737,Agencia,Jutiapa,Jutiapa,Zona 2,54820,+502 9507-4646
2738,Agencia Jalapa 2738,Agencia,Jalapa,Jalapa,Zona 10,93452,+502 2758-6876
2739,Agencia Huehuetenango 2739,Agencia,Huehuetenango,Huehuetenango,Zona 8,38848,+502 5030-9661
2740,Agencia Guatemala 2740,Agencia,Guatemala,Guatemala,Zona 3,13312,+502 2633-5568
2741,Agencia Antigua Guatemala 2741,Agencia,Sacatepéquez,Antigua Guatemala,Zona 3,44819,+502 8393-6443
2742,Agencia Escuintla 2742,Agencia,Escuintla,Escuintla,Zona 7,43264,+502 7000-9799
2743,Agencia Quetzaltenango 2743,Agencia,Quetzaltenango,Quetzaltenango,Zona 5,32399,+502 9710-1343
2744,Agencia Cobán 2744,Agencia,Alta Verapaz,Cobán,Zona 8,54593,+502 9222-4846
2745,Agencia Flores 2745,Agencia,Petén,Flores,Zona 10,69403,+502 8223-2703
2746,Agencia Chiquimula 2746,Agencia,Chiquimula,Chiquimula,Zona 1,79590,+502 9230-1342
2747,Agencia Jutiapa 2747,Agencia,Jutiapa,Jutiapa,Zona 1,65325,+502 1713-7724
2748,Agencia Jalapa 2748,Agencia,Jalapa,Jalapa,Zona 8,98937,+502 4558-5652
2749,Agencia Huehuetenango 2749,Agencia,Huehuetenango,Huehuetenango,Zona 5,55016,+502 1818-9874
2750,Agencia Guatemala 2750,Agencia,Guatemala,Guatemala,Zona 5,46401,+502 6238-5040
2751,Agencia Antigua Guatemala 2751,Agencia,Sacatepéquez,Antigua Guatemala,Zona 2,37895,+502 3546-7848
2752,Agencia Escuintla 2752,Agencia,Escuintla,Escuintla,Zona 4,38316,+502 7978-4268
2753,Agencia Quetzaltenango 2753,Agencia,Quetzaltenango,Quetzaltenango,Zona 10,97725,+502 6264-6653
2754,Agencia Cobán 2754,Agencia,Alta Verapaz,Cobán,Zona 7,80147,+502 8646-5073
2755,Agencia Flores 2755,Agencia,Petén,Flores,Zona 7,17371,+502 6639-6801
2756,Agencia Chiquimula 2756,Agencia,Chiquimula,Chiquimula,Zona 2,81775,+502 5307-3445
2757,Agencia Jutiapa 2757,Agencia,Jutiapa,Jutiapa,Zona 4,40992,+502 4227-5130
2758,Agencia Jalapa 2758,Agencia,Jalapa,Jalapa,Zona 1,71904,+502 4756-4485
2759,Agencia Huehuetenango 2759,Agencia,Huehuetenango,Huehuetenango,Zona 10,37657,+502 6156-5560
2760,Agencia Guatemala 2760,Agencia,Guatemala,Guatemala,Zona 5,93610,+502 1875-3659
2761,Agencia Antigua Guatemala 2761,Agencia,Sacatepéquez,Antigua Guatemala,Zona 6,39223,+502 5093-5726
2762,Agencia Escuintla 2762,Agencia,Escuintla,Escuintla,Zona 4,43265,+502 4554-5618
2763,Agencia Quetzaltenango 2763,Agencia,Quetzaltenango,Quetzaltenango,Zona 8,46114,+502 2016-1961
2764,Agencia Cobán 2764,Agencia,Alta Verapaz,Cobán,Zona 1,66460,+502 6077-7433
2765,Agencia Flores 2765,Agencia,Petén,Flores,Zona 1,11659,+502 9001-2906
2766,Agencia Chiquimula 2766,Agencia,Chiquimula,Chiquimula,Zona 9,35897,+502 5760-2692
2767,Agencia Jutiapa 2767,Agencia,Jutiapa,Jutiapa,Zona 3,28598,+502 1380-2712
2768,Agencia Jalapa 2768,Agencia,Jalapa,Jalapa,Zona 1,73567,+502 1960-7514
2769,Agencia Huehuetenango 2769,Agencia,Huehuetenango,Huehuetenango,Zona 1,26972,+502 7007-6180
2770,Agencia Guatemala 2770,Agencia,Guatemala,Guatemala,Zona 1,17695,+502 4269-4087
2771,Agencia Antigua Guatemala 2771,Agencia,Sacatepéquez,Antigua Guatemala,Zona 9,84972,+502 1814-4120
2772,Agencia Escuintla 2772,Agencia,Escuintla,Escuintla,Zona 1,11633,+502 4665-7458
2773,Agencia Quetzaltenango 2773,Agencia,Quetzaltenango,Quetzaltenango,Zona 4,37010,+502 4294-6305
2774,Agencia Cobán 2774,Agencia,Alta Verapaz,Cobán,Zona 5,28359,+502 7341-1249
2775,Agencia Flores 2775,Agencia,Petén,Flores,Zona 8,16404,+502 8512-8750
2776,Agencia Chiquimula 2776,Agencia,Chiquimula,Chiquimula,Zona 6,46659,+502 5931-1270
2777,Agencia Jutiapa 2777,Agencia,Jutiapa,Jutiapa,Zona 10,94144,+502 7282-3287
2778,Agencia Jalapa 2778,Agencia,Jalapa,Jalapa,Zona 6,48574,+502 1513-9079
2779,Agencia Huehuetenango 2779,Agencia,Huehuetenango,Huehuetenango,Zona 3,42296,+502 9947-2392
2780,Agencia Guatemala 2780,Agencia,Guatemala,Guatemala,Zona 10,29647,+502 8902-6570
2781,Agencia Antigua Guatemala 2781,Agencia,Sacatepéquez,Antigua Guatemala,Zona 5,43462,+502 4922-6513
2782,Agencia Escuintla 2782,Agencia,Escuintla,Escuintla,Zona 7,56503,+502 6131-4288
2783,Agencia Quetzaltenango 2783,Agencia,Quetzaltenango,Quetzaltenango,Zona 3,42179,+502 2870-1337
2784,Agencia Cobán 2784,Agencia,Alta Verapaz,Cobán,Zona 2,45002,+502 3815-6413
2785,Agencia Flores 2785,Agencia,Petén,Flores,Zona 5,18208,+502 2930-2282
2786,Agencia Chiquimula 2786,Agencia,Chiquimula,Chiquimula,Zona 3,21873,+502 4938-7189
2787,Agencia Jutiapa 2787,Agencia,Jutiapa,Jutiapa,Zona 9,66373,+502 5338-3678
2788,Agencia Jalapa 2788,Agencia,Jalapa,Jalapa,Zona 1,45871,+502 3540-8780
2789,Agencia Huehuetenango 2789,Agencia,Huehuetenango,Huehuetenango,Zona 1,44961,+502 7164-1335
2790,Agencia Guatemala 2790,Agencia,Guatemala,Guatemala,Zona 5,81121,+502 5019-9105
2791,Agencia Antigua Guatemala 2791,Agencia,Sacatepéquez,Antigua Guatemala,Zona 6,97589,+502 9785-9583
2792,Agencia Escuintla 2792,Agencia,Escuintla,Escuintla,Zona 3,87488,+502 7924-4170
2793,Agencia Quetzaltenango 2793,Agencia,Quetzaltenango,Quetzaltenango,Zona 5,64274,+502 1953-2445
2794,Agencia Cobán 2794,Agencia,Alta Verapaz,Cobán,Zona 10,80094,+502 3011-9212
2795,Agencia Flores 2795,Agencia,Petén,Flores,Zona 2,59935,+502 7575-7514
2796,Agencia Chiquimula 2796,Agencia,Chiquimula,Chiquimula,Zona 9,12176,+502 6843-5085
2797,Agencia Jutiapa 2797,Agencia,Jutiapa,Jutiapa,Zona 10,82199,+502 2030-8384
2798,Agencia Jalapa 2798,Agencia,Jalapa,Jalapa,Zona 7,45552,+502 1573-2910
2799,Agencia Huehuetenango 2799,Agencia,Huehuetenango,Huehuetenango,Zona 5,91530,+502 5297-7302
2800,Agencia Guatemala 2800,Agencia,Guatemala,Guatemala,Zona 9,34731,+502 2258-3134
2801,Agencia Antigua Guatemala 2801,Agencia,Sacatepéquez,Antigua Guatemala,Zona 2,88215,+502 7008-1618
2802,Agencia Escuintla 2802,Agencia,Escuintla,Escuintla,Zona 8,64509,+502 5189-5896
2803,Agencia Quetzaltenango 2803,Agencia,Quetzaltenango,Quetzaltenango,Zona 2,36782,+502 3663-9143
2804,Agencia Cobán 2804,Agencia,Alta Verapaz,Cobán,Zona 4,42282,+502 9331-1226
2805,Agencia Flores 2805,Agencia,Petén,Flores,Zona 1,64230,+502 1778-9194
2806,Agencia Chiquimula 2806,Agencia,Chiquimula,Chiquimula,Zona 7,33772,+502 5243-9707
2807,Agencia Jutiapa 2807,Agencia,Jutiapa,Jutiapa,Zona 8,96927,+502 3005-5495
2808,Agencia Jalapa 2808,Agencia,Jalapa,Jalapa,Zona 2,58289,+502 6164-4845
2809,Agencia Huehuetenango 2809,Agencia,Huehuetenango,Huehuetenango,Zona 2,71522,+502 1611-4091
2810,Agencia Guatemala 2810,Agencia,Guatemala,Guatemala,Zona 1,71061,+502 6128-2250
2811,Agencia Antigua Guatemala 2811,Agencia,Sacatepéquez,Antigua Guatemala,Zona 1,73532,+502 6362-4714
2812,Agencia Escuintla 2812,Agencia,Escuintla,Escuintla,Zona 3,33226,+502 2388-8715
2813,Agencia Quetzaltenango 2813,Agencia,Quetzaltenango,Quetzaltenango,Zona 3,39714,+502 2534-3392
2814,Agencia Cobán 2814,Agencia,Alta Verapaz,Cobán,Zona 1,16063,+502 2264-8462
2815,Agencia Flores 2815,Agencia,Petén,Flores,Zona 9,19119,+502 6254-4985
2816,Agencia Chiquimula 2816,Agencia,Chiquimula,Chiquimula,Zona 8,35732,+502 8645-8264
2817,Agencia Jutiapa 2817,Agencia,Jutiapa,Jutiapa,Zona 6,85172,+502 4628-7498
2818,Agencia Jalapa 2818,Agencia,Jalapa,Jalapa,Zona 10,16197,+502 2881-4292
2819,Agencia Huehuetenango 2819,Agencia,Huehuetenango,Huehuetenango,Zona 5,17591,+502 5961-9553
2820,Agencia Guatemala 2820,Agencia,Guatemala,Guatemala,Zona 4,67045,+502 9246-9452
2821,Agencia Antigua Guatemala 2821,Agencia,Sacatepéquez,Antigua Guatemala,Zona 2,59518,+502 2227-7572
2822,Agencia Escuintla 2822,Agencia,Escuintla,Escuintla,Zona 8,99606,+502 3033-1655
2823,Agencia Quetzaltenango 2823,Agencia,Quetzaltenango,Quetzaltenango,Zona 8,74560,+502 9649-8294
2824,Agencia Cobán 2824,Agencia,Alta Verapaz,Cobán,Zona 2,17199,+502 2692-4064
2825,Agencia Flores 2825,Agencia,Petén,Flores,Zona 7,91483,+502 7760-7618
2826,Agencia Chiquimula 2826,Agencia,Chiquimula,Chiquimula,Zona 6,32587,+502 2435-2919
2827,Agencia Jutiapa 2827,Agencia,Jutiapa,Jutiapa,Zona 1,21344,+502 4926-8239
2828,Agencia Jalapa 2828,Agencia,Jalapa,Jalapa,Zona 3,51425,+502 2976-9562
2829,Agencia Huehuetenango 2829,Agencia,Huehuetenango,Huehuetenango,Zona 3,39839,+502 3537-1132
2830,Agencia Guatemala 2830,Agencia,Guatemala,Guatemala,Zona 7,31518,+502 9237-2194
2831,Agencia Antigua Guatemala 2831,Agencia,Sacatepéquez,Antigua Guatemala,Zona 8,75184,+502 6072-8674
2832,Agencia Escuintla 2832,Agencia,Escuintla,Escuintla,Zona 4,80261,+502 1594-3846
2833,Agencia Quetzaltenango 2833,Agencia,Quetzaltenango,Quetzaltenango,Zona 3,61690,+502 4899-1949
2834,Agencia Cobán 2834,Agencia,Alta Verapaz,Cobán,Zona 10,58530,+502 4171-6573
2835,Agencia Flores 2835,Agencia,Petén,Flores,Zona 7,13650,+502 4970-7763
2836,Agencia Chiquimula 2836,Agencia,Chiquimula,Chiquimula,Zona 1,61183,+502 7847-4306
2837,Agencia Jutiapa 2837,Agencia,Jutiapa,Jutiapa,Zona 3,26407,+502 5780-9879
2838,Agencia Jalapa 2838,Agencia,Jalapa,Jalapa,Zona 7,29089,+502 5191-2620
2839,Agencia Huehuetenango 2839,Agencia,Huehuetenango,Huehuetenango,Zona 6,50501,+502 1652-7216
2840,Agencia Guatemala 2840,Agencia,Guatemala,Guatemala,Zona 3,93354,+502 4110-7826
2841,Agencia Antigua Guatemala 2841,Agencia,Sacatepéquez,Antigua Guatemala,Zona 1,57913,+502 9692-4198
2842,Agencia Escuintla 2842,Agencia,Escuintla,Escuintla,Zona 1,40437,+502 1428-7241
2843,Agencia Quetzaltenango 2843,Agencia,Quetzaltenango,Quetzaltenango,Zona 4,53033,+502 9207-7002
2844,Agencia Cobán 2844,Agencia,Alta Verapaz,Cobán,Zona 6,77849,+502 6662-2705
2845,Agencia Flores 2845,Agencia,Petén,Flores,Zona 4,87164,+502 1151-5475
2846,Agencia Chiquimula 2846,Agencia,Chiquimula,Chiquimula,Zona 7,54917,+502 6580-4528
2847,Agencia Jutiapa 2847,Agencia,Jutiapa,Jutiapa,Zona 9,94026,+502 9216-3262
2848,Agencia Jalapa 2848,Agencia,Jalapa,Jalapa,Zona 9,43843,+502 3148-8688
2849,Agencia Huehuetenango 2849,Agencia,Huehuetenango,Huehuetenango,Zona 4,42019,+502 7487-2504
2850,Agencia Guatemala 2850,Agencia,Guatemala,Guatemala,Zona 8,89106,+502 5727-9767
2851,Agencia Antigua Guatemala 2851,Agencia,Sacatepéquez,Antigua Guatemala,Zona 5,52312,+502 7242-5803
2852,Agencia Escuintla 2852,Agencia,Escuintla,Escuintla,Zona 9,67451,+502 8369-5196
2853,Agencia Quetzaltenango 2853,Agencia,Quetzaltenango,Quetzaltenango,Zona 10,45469,+502 9399-6854
2854,Agencia Cobán 2854,Agencia,Alta Verapaz,Cobán,Zona 8,92013,+502 7704-8544
2855,Agencia Flores 2855,Agencia,Petén,Flores,Zona 8,56888,+502 3934-3402
2856,Agencia Chiquimula 2856,Agencia,Chiquimula,Chiquimula,Zona 1,75795,+502 5300-8609
2857,Agencia Jutiapa 2857,Agencia,Jutiapa,Jutiapa,Zona 1,19243,+502 6988-9003
2858,Agencia Jalapa 2858,Agencia,Jalapa,Jalapa,Zona 2,89816,+502 2861-7546
2859,Agencia Huehuetenango 2859,Agencia,Huehuetenango,Huehuetenango,Zona 4,24411,+502 6742-1099
2860,Agencia Guatemala 2860,Agencia,Guatemala,Guatemala,Zona 9,80436,+502 5106-3675
2861,Agencia Antigua Guatemala 2861,Agencia,Sacatepéquez,Antigua Guatemala,Zona 7,51617,+502 8811-2975
2862,Agencia Escuintla 2862,Agencia,Escuintla,Escuintla,Zona 3,10378,+502 7121-6645
2863,Agencia Quetzaltenango 2863,Agencia,Quetzaltenango,Quetzaltenango,Zona 8,47970,+502 9995-6156
2864,Agencia Cobán 2864,Agencia,Alta Verapaz,Cobán,Zona 7,27029,+502 1460-1886
2865,Agencia Flores 2865,Agencia,Petén,Flores,Zona 6,12914,+502 4825-7149
2866,Agencia Chiquimula 2866,Agencia,Chiquimula,Chiquimula,Zona 5,11831,+502 1283-6856
2867,Agencia Jutiapa 2867,Agencia,Jutiapa,Jutiapa,Zona 7,70896,+502 2700-9939
2868,Agencia Jalapa 2868,Agencia,Jalapa,Jalapa,Zona 3,36679,+502 2325-6768
2869,Agencia Huehuetenango 2869,Agencia,Huehuetenango,Huehuetenango,Zona 10,44886,+502 5377-5820
2870,Agencia Guatemala 2870,Agencia,Guatemala,Guatemala,Zona 9,43611,+502 8799-1542
2871,Agencia Antigua Guatemala 2871,Agencia,Sacatepéquez,Antigua Guatemala,Zona 10,53330,+502 8431-5870
2872,Agencia Escuintla 2872,Agencia,Escuintla,Escuintla,Zona 4,63190,+502 1813-7475
2873,Agencia Quetzaltenango 2873,Agencia,Quetzaltenango,Quetzaltenango,Zona 4,46190,+502 1374-4162
2874,Agencia Cobán 2874,Agencia,Alta Verapaz,Cobán,Zona 2,44859,+502 3514-2252
2875,Agencia Flores 2875,Agencia,Petén,Flores,Zona 10,80937,+502 8853-7493
2876,Agencia Chiquimula 2876,Agencia,Chiquimula,Chiquimula,Zona 7,31600,+502 9084-1173
2877,Agencia Jutiapa 2877,Agencia,Jutiapa,Jutiapa,Zona 4,73339,+502 6570-9599
2878,Agencia Jalapa 2878,Agencia,Jalapa,Jalapa,Zona 10,94496,+502 3489-3167
2879,Agencia Huehuetenango 2879,Agencia,Huehuetenango,Huehuetenango,Zona 7,25889,+502 5790-5378
2880,Agencia Guatemala 2880,Agencia,Guatemala,Guatemala,Zona 8,34352,+502 5194-7872
2881,Agencia Antigua Guatemala 2881,Agencia,Sacatepéquez,Antigua Guatemala,Zona 2,47294,+502 3328-7716
2882,Agencia Escuintla 2882,Agencia,Escuintla,Escuintla,Zona 8,24807,+502 3028-6450
2883,Agencia Quetzaltenango 2883,Agencia,Quetzaltenango,Quetzaltenango,Zona 1,65688,+502 8295-5074
2884,Agencia Cobán 2884,Agencia,Alta Verapaz,Cobán,Zona 3,38991,+502 8626-8434
2885,Agencia Flores 2885,Agencia,Petén,Flores,Zona 3,22111,+502 9084-3166
2886,Agencia Chiquimula 2886,Agencia,Chiquimula,Chiquimula,Zona 2,55322,+502 6123-4747
2887,Agencia Jutiapa 2887,Agencia,Jutiapa,Jutiapa,Zona 10,88759,+502 2197-3054
2888,Agencia Jalapa 2888,Agencia,Jalapa,Jalapa,Zona 9,24310,+502 2720-1192
2889,Agencia Huehuetenango 2889,Agencia,Huehuetenango,Huehuetenango,Zona 7,90213,+502 2958-5803
2890,Agencia Guatemala 2890,Agencia,Guatemala,Guatemala,Zona 5,91036,+502 9137-3919
2891,Agencia Antigua Guatemala 2891,Agencia,Sacatepéquez,Antigua Guatemala,Zona 7,75233,+502 3400-4406
2892,Agencia Escuintla 2892,Agencia,Escuintla,Escuintla,Zona 5,29460,+502 3558-5292
2893,Agencia Quetzaltenango 2893,Agencia,Quetzaltenango,Quetzaltenango,Zona 3,65736,+502 9721-4760
2894,Agencia Cobán 2894,Agencia,Alta Verapaz,Cobán,Zona 9,91297,+502 8384-9970
2895,Agencia Flores 2895,Agencia,Petén,Flores,Zona 7,85905,+502 9073-4111
2896,Agencia Chiquimula 2896,Agencia,Chiquimula,Chiquimula,Zona 5,46206,+502 8085-4092
2897,Agencia Jutiapa 2897,Agencia,Jutiapa,Jutiapa,Zona 1,72134,+502 9735-7926
2898,Agencia Jalapa 2898,Agencia,Jalapa,Jalapa,Zona 5,15191,+502 6071-5679
2899,Agencia Huehuetenango 2899,Agencia,Huehuetenango,Huehuetenango,Zona 8,73985,+502 1343-4664
2900,Agencia Guatemala 2900,Agencia,Guatemala,Guatemala,Zona 2,76753,+502 8588-5045
2901,Agencia Antigua Guatemala 2901,Agencia,Sacatepéquez,Antigua Guatemala,Zona 1,70682,+502 8769-7326
2902,Agencia Escuintla 2902,Agencia,Escuintla,Escuintla,Zona 1,93450,+502 3645-2598
2903,Agencia Quetzaltenango 2903,Agencia,Quetzaltenango,Quetzaltenango,Zona 3,11163,+502 3116-3343
2904,Agencia Cobán 2904,Agencia,Alta Verapaz,Cobán,Zona 3,21447,+502 9931-7643
2905,Agencia Flores 2905,Agencia,Petén,Flores,Zona 3,24388,+502 9476-7359
2906,Agencia Chiquimula 2906,Agencia,Chiquimula,Chiquimula,Zona 9,56699,+502 6991-6447
2907,Agencia Jutiapa 2907,Agencia,Jutiapa,Jutiapa,Zona 1,45554,+502 1677-2584
2908,Agencia Jalapa 2908,Agencia,Jalapa,Jalapa,Zona 8,63649,+502 4837-6220
2909,Agencia Huehuetenango 2909,Agencia,Huehuetenango,Huehuetenango,Zona 7,25880,+502 8582-8772
2910,Agencia Guatemala 2910,Agencia,Guatemala,Guatemala,Zona 8,62070,+502 7543-2214
2911,Agencia Antigua Guatemala 2911,Agencia,Sacatepéquez,Antigua Guatemala,Zona 10,81929,+502 2920-1135
2912,Agencia Escuintla 2912,Agencia,Escuintla,Escuintla,Zona 10,59185,+502 1763-9583
2913,Agencia Quetzaltenango 2913,Agencia,Quetzaltenango,Quetzaltenango,Zona 4,83205,+502 5660-2925
2914,Agencia Cobán 2914,Agencia,Alta Verapaz,Cobán,Zona 1,18505,+502 2923-8284
2915,Agencia Flores 2915,Agencia,Petén,Flores,Zona 6,93294,+502 8254-7195
2916,Agencia Chiquimula 2916,Agencia,Chiquimula,Chiquimula,Zona 7,31651,+502 2365-2330
2917,Agencia Jutiapa 2917,Agencia,Jutiapa,Jutiapa,Zona 6,29949,+502 1820-9657
2918,Agencia Jalapa 2918,Agencia,Jalapa,Jalapa,Zona 9,47887,+502 5260-9563
2919,Agencia Huehuetenango 2919,Agencia,Huehuetenango,Huehuetenango,Zona 1,27019,+502 6571-9965
2920,Agencia Guatemala 2920,Agencia,Guatemala,Guatemala,Zona 3,82054,+502 7623-3395
2921,Agencia Antigua Guatemala 2921,Agencia,Sacatepéquez,Antigua Guatemala,Zona 2,52422,+502 9153-8877
2922,Agencia Escuintla 2922,Agencia,Escuintla,Escuintla,Zona 9,48191,+502 8907-7645
2923,Agencia Quetzaltenango 2923,Agencia,Quetzaltenango,Quetzaltenango,Zona 3,18709,+502 2273-2831
2924,Agencia Cobán 2924,Agencia,Alta Verapaz,Cobán,Zona 8,31478,+502 3955-4679
2925,Agencia Flores 2925,Agencia,Petén,Flores,Zona 4,99790,+502 3107-9123
2926,Agencia Chiquimula 2926,Agencia,Chiquimula,Chiquimula,Zona 2,85996,+502 9836-6780
2927,Agencia Jutiapa 2927,Agencia,Jutiapa,Jutiapa,Zona 6,76726,+502 4498-6836
2928,Agencia Jalapa 2928,Agencia,Jalapa,Jalapa,Zona 1,91116,+502 4369-6161
2929,Agencia Huehuetenango 2929,Agencia,Huehuetenango,Huehuetenango,Zona 5,92667,+502 6081-7376
2930,Agencia Guatemala 2930,Agencia,Guatemala,Guatemala,Zona 1,34708,+502 9692-4106
2931,Agencia Antigua Guatemala 2931,Agencia,Sacatepéquez,Antigua Guatemala,Zona 7,66791,+502 3734-9295
2932,Agencia Escuintla 2932,Agencia,Escuintla,Escuintla,Zona 7,12226,+502 4569-9931
2933,Agencia Quetzaltenango 2933,Agencia,Quetzaltenango,Quetzaltenango,Zona 7,63180,+502 7185-9743
2934,Agencia Cobán 2934,Agencia,Alta Verapaz,Cobán,Zona 9,89644,+502 5570-3962
2935,Agencia Flores 2935,Agencia,Petén,Flores,Zona 6,83987,+502 5392-4570
2936,Agencia Chiquimula 2936,Agencia,Chiquimula,Chiquimula,Zona 6,96764,+502 4713-7477
2937,Agencia Jutiapa 2937,Agencia,Jutiapa,Jutiapa,Zona 6,42117,+502 1938-1136
2938,Agencia Jalapa 2938,Agencia,Jalapa,Jalapa,Zona 10,34688,+502 9005-5102
2939,Agencia Huehuetenango 2939,Agencia,Huehuetenango,Huehuetenango,Zona 9,13644,+502 3021-2846
2940,Agencia Guatemala 2940,Agencia,Guatemala,Guatemala,Zona 1,35258,+502 9791-7161
2941,Agencia Antigua Guatemala 2941,Agencia,Sacatepéquez,Antigua Guatemala,Zona 10,81732,+502 4314-1579
2942,Agencia Escuintla 2942,Agencia,Escuintla,Escuintla,Zona 3,23359,+502 9201-3756
2943,Agencia Quetzaltenango 2943,Agencia,Quetzaltenango,Quetzaltenango,Zona 9,94313,+502 5506-3947
2944,Agencia Cobán 2944,Agencia,Alta Verapaz,Cobán,Zona 6,58632,+502 9839-1434
2945,Agencia Flores 2945,Agencia,Petén,Flores,Zona 1,11577,+502 2213-6706
2946,Agencia Chiquimula 2946,Agencia,Chiquimula,Chiquimula,Zona 4,28646,+502 1703-3296
2947,Agencia Jutiapa 2947,Agencia,Jutiapa,Jutiapa,Zona 2,18980,+502 3041-5372
2948,Agencia Jalapa 2948,Agencia,Jalapa,Jalapa,Zona 4,36329,+502 7985-7351
2949,Agencia Huehuetenango 2949,Agencia,Huehuetenango,Huehuetenango,Zona 4,99793,+502 5761-3633
2950,Agencia Guatemala 2950,Agencia,Guatemala,Guatemala,Zona 8,95182,+502 8296-4599
2951,Agencia Antigua Guatemala 2951,Agencia,Sacatepéquez,Antigua Guatemala,Zona 9,43873,+502 8283-4077
2952,Agencia Escuintla 2952,Agencia,Escuintla,Escuintla,Zona 9,45441,+502 6646-7621
2953,Agencia Quetzaltenango 2953,Agencia,Quetzaltenango,Quetzaltenango,Zona 3,25888,+502 5287-2360
2954,Agencia Cobán 2954,Agencia,Alta Verapaz,Cobán,Zona 9,25029,+502 4832-7932
2955,Agencia Flores 2955,Agencia,Petén,Flores,Zona 1,37483,+502 6775-7044
2956,Agencia Chiquimula 2956,Agencia,Chiquimula,Chiquimula,Zona 10,73467,+502 3571-8398
2957,Agencia Jutiapa 2957,Agencia,Jutiapa,Jutiapa,Zona 8,79305,+502 4882-7346
2958,Agencia Jalapa 2958,Agencia,Jalapa,Jalapa,Zona 10,94743,+502 8770-6594
2959,Agencia Huehuetenango 2959,Agencia,Huehuetenango,Huehuetenango,Zona 6,63954,+502 5817-3096
2960,Agencia Guatemala 2960,Agencia,Guatemala,Guatemala,Zona 9,77603,+502 3995-6909
2961,Agencia Antigua Guatemala 2961,Agencia,Sacatepéquez,Antigua Guatemala,Zona 4,78755,+502 4196-8021
2962,Agencia Escuintla 2962,Agencia,Escuintla,Escuintla,Zona 5,59613,+502 5021-9538
2963,Agencia Quetzaltenango 2963,Agencia,Quetzaltenango,Quetzaltenango,Zona 4,46787,+502 4369-9354
2964,Agencia Cobán 2964,Agencia,Alta Verapaz,Cobán,Zona 1,94383,+502 3440-4844
2965,Agencia Flores 2965,Agencia,Petén,Flores,Zona 3,38265,+502 2535-9992
2966,Agencia Chiquimula 2966,Agencia,Chiquimula,Chiquimula,Zona 6,17727,+502 8421-7713
2967,Agencia Jutiapa 2967,Agencia,Jutiapa,Jutiapa,Zona 10,52010,+502 5499-9582
2968,Agencia Jalapa 2968,Agencia,Jalapa,Jalapa,Zona 1,75106,+502 9980-3411
2969,Agencia Huehuetenango 2969,Agencia,Huehuetenango,Huehuetenango,Zona 8,87840,+502 3967-6127
2970,Agencia Guatemala 2970,Agencia,Guatemala,Guatemala,Zona 1,29656,+502 2487-1677
2971,Agencia Antigua Guatemala 2971,Agencia,Sacatepéquez,Antigua Guatemala,Zona 9,81301,+502 1689-1681
2972,Agencia Escuintla 2972,Agencia,Escuintla,Escuintla,Zona 8,96823,+502 2155-9408
2973,Agencia Quetzaltenango 2973,Agencia,Quetzaltenango,Quetzaltenango,Zona 2,25128,+502 3789-6379
2974,Agencia Cobán 2974,Agencia,Alta Verapaz,Cobán,Zona 9,45884,+502 6903-1359
2975,Agencia Flores 2975,Agencia,Petén,Flores,Zona 4,81199,+502 2733-4845
2976,Agencia Chiquimula 2976,Agencia,Chiquimula,Chiquimula,Zona 10,99903,+502 7203-4258
2977,Agencia Jutiapa 2977,Agencia,Jutiapa,Jutiapa,Zona 2,65266,+502 8374-3750
2978,Agencia Jalapa 2978,Agencia,Jalapa,Jalapa,Zona 10,35494,+502 5461-9836
2979,Agencia Huehuetenango 2979,Agencia,Huehuetenango,Huehuetenango,Zona 4,94073,+502 6113-9457
2980,Agencia Guatemala 2980,Agencia,Guatemala,Guatemala,Zona 2,19726,+502 9401-9700
2981,Agencia Antigua Guatemala 2981,Agencia,Sacatepéquez,Antigua Guatemala,Zona 8,30178,+502 1590-1245
2982,Agencia Escuintla 2982,Agencia,Escuintla,Escuintla,Zona 5,28359,+502 5820-4595
2983,Agencia Quetzaltenango 2983,Agencia,Quetzaltenango,Quetzaltenango,Zona 5,60120,+502 3681-4831
2984,Agencia Cobán 2984,Agencia,Alta Verapaz,Cobán,Zona 6,88700,+502 7404-6506
2985,Agencia Flores 2985,Agencia,Petén,Flores,Zona 9,91230,+502 7228-2179
2986,Agencia Chiquimula 2986,Agencia,Chiquimula,Chiquimula,Zona 5,30790,+502 1158-1142
2987,Agencia Jutiapa 2987,Agencia,Jutiapa,Jutiapa,Zona 3,10005,+502 3438-1966
2988,Agencia Jalapa 2988,Agencia,Jalapa,Jalapa,Zona 10,10511,+502 8286-3660
2989,Agencia Huehuetenango 2989,Agencia,Huehuetenango,Huehuetenango,Zona 8,20515,+502 4844-7040
2990,Agencia Guatemala 2990,Agencia,Guatemala,Guatemala,Zona 2,89821,+502 7220-5016
2991,Agencia Antigua Guatemala 2991,Agencia,Sacatepéquez,Antigua Guatemala,Zona 8,66613,+502 7040-3450
2992,Agencia Escuintla 2992,Agencia,Escuintla,Escuintla,Zona 2,41175,+502 8651-4037
2993,Agencia Quetzaltenango 2993,Agencia,Quetzaltenango,Quetzaltenango,Zona 3,50267,+502 6209-9930
2994,Agencia Cobán 2994,Agencia,Alta Verapaz,Cobán,Zona 7,49588,+502 6648-3852
2995,Agencia Flores 2995,Agencia,Petén,Flores,Zona 7,74878,+502 4704-9185
2996,Agencia Chiquimula 2996,Agencia,Chiquimula,Chiquimula,Zona 9,10624,+502 1226-8995
2997,Agencia Jutiapa 2997,Agencia,Jutiapa,Jutiapa,Zona 3,96538,+502 6591-7171
2998,Agencia Jalapa 2998,Agencia,Jalapa,Jalapa,Zona 1,69640,+502 6878-7850
2999,Agencia Huehuetenango 2999,Agencia,Huehuetenango,Huehuetenango,Zona 9,29938,+502 4352-4527
3000,Agencia Guatemala 3000,Agencia,Guatemala,Guatemala,Zona 1,25617,+502 4338-5803
